benchmark_id,run_id,method,method_variant,seed,horizon_budget,candidate_id,unit_id,start_time,end_time,proxy_score,component_id,candidate_score,candidate_rank,selected,selected_at_call_idx,candidate_features_json
cbbv1_c2e246d1504d9d8a80b2,controlled_track_B0_uniform_random_random_controlled_bridge_safe_s025_b20,B0_uniform_random,random_controlled_bridge_safe,25,20,unit_0206,206,2060.0,2070.0,1.0,27,1.0,1,False,,"{""score_fusion_geometry_motion"":0.5923382930645102,""score_fusion_yolo_motion"":1.0,""score_motion"":0.9007314208484948,""score_yolo_count"":0.8333333333333335,""score_yolo_geometry"":0.3204525401481152}"
cbbv1_c2e246d1504d9d8a80b2,controlled_track_B0_uniform_random_random_controlled_bridge_safe_s025_b20,B0_uniform_random,random_controlled_bridge_safe,25,20,unit_0147,147,1470.0,1480.0,0.925233090281702,19,0.925233090281702,2,False,,"{""score_fusion_geometry_motion"":0.4383160571412999,""score_fusion_yolo_motion"":0.925233090281702,""score_motion"":0.611352694927892,""score_yolo_count"":1.0,""score_yolo_geometry"":0.276772688496004}"
cbbv1_c2e246d1504d9d8a80b2,controlled_track_B0_uniform_random_random_controlled_bridge_safe_s025_b20,B0_uniform_random,random_controlled_bridge_safe,25,20,unit_0257,257,2570.0,2580.0,0.8977153935850036,39,0.8977153935850036,3,False,,"{""score_fusion_geometry_motion"":0.3988055711172819,""score_fusion_yolo_motion"":0.8977153935850036,""score_motion"":0.9682848730411532,""score_yolo_count"":0.6111111111111112,""score_yolo_geometry"":0.0613569355304027}"
cbbv1_c2e246d1504d9d8a80b2,controlled_track_B0_uniform_random_random_controlled_bridge_safe_s025_b20,B0_uniform_random,random_controlled_bridge_safe,25,20,unit_0072,72,720.0,730.0,0.8832588228837135,12,0.8832588228837135,4,False,,"{""score_fusion_geometry_motion"":0.3389159668999534,""score_fusion_yolo_motion"":0.8832588228837135,""score_motion"":0.6595770702425117,""score_yolo_count"":0.8888888888888891,""score_yolo_geometry"":0.1372915640704314}"
cbbv1_c2e246d1504d9d8a80b2,controlled_track_B0_uniform_random_random_controlled_bridge_safe_s025_b20,B0_uniform_random,random_controlled_bridge_safe,25,20,unit_0320,320,3200.0,3210.0,0.8764063027879948,48,0.8764063027879948,5,False,,"{""score_fusion_geometry_motion"":0.6217509078672627,""score_fusion_yolo_motion"":0.8764063027879948,""score_motion"":0.9918896975825132,""score_yolo_count"":0.5555555555555557,""score_yolo_geometry"":0.3117918049092488}"
cbbv1_c2e246d1504d9d8a80b2,controlled_track_B0_uniform_random_random_controlled_bridge_safe_s025_b20,B0_uniform_random,random_controlled_bridge_safe,25,20,unit_0073,73,730.0,740.0,0.8606394008469296,12,0.8606394008469296,6,False,,"{""score_fusion_geometry_motion"":0.3485244816521548,""score_fusion_yolo_motion"":0.8606394008469296,""score_motion"":0.738302200818459,""score_yolo_count"":0.7777777777777779,""score_yolo_geometry"":0.1112804083959879}"
cbbv1_c2e246d1504d9d8a80b2,controlled_track_B0_uniform_random_random_controlled_bridge_safe_s025_b20,B0_uniform_random,random_controlled_bridge_safe,25,20,unit_0004,4,40.0,50.0,0.8515044126921649,1,0.8515044126921649,7,False,,"{""score_fusion_geometry_motion"":0.3978456275293903,""score_fusion_yolo_motion"":0.8515044126921649,""score_motion"":0.895462290773276,""score_yolo_count"":0.6111111111111112,""score_yolo_geometry"":0.0947211395822993}"
cbbv1_c2e246d1504d9d8a80b2,controlled_track_B0_uniform_random_random_controlled_bridge_safe_s025_b20,B0_uniform_random,random_controlled_bridge_safe,25,20,unit_0251,251,2510.0,2520.0,0.8420860938872126,38,0.8420860938872126,8,False,,"{""score_fusion_geometry_motion"":0.4440842130788168,""score_fusion_yolo_motion"":0.8420860938872126,""score_motion"":0.5946941271278947,""score_yolo_count"":0.8888888888888891,""score_yolo_geometry"":0.2914312446821337}"
cbbv1_c2e246d1504d9d8a80b2,controlled_track_B0_uniform_random_random_controlled_bridge_safe_s025_b20,B0_uniform_random,random_controlled_bridge_safe,25,20,unit_0158,158,1580.0,1590.0,0.8346579130423584,21,0.8346579130423584,9,False,,"{""score_fusion_geometry_motion"":0.2828164360831005,""score_fusion_yolo_motion"":0.8346579130423584,""score_motion"":0.6401734864099882,""score_yolo_count"":0.8333333333333335,""score_yolo_geometry"":0.0806517277532655}"
cbbv1_c2e246d1504d9d8a80b2,controlled_track_B0_uniform_random_random_controlled_bridge_safe_s025_b20,B0_uniform_random,random_controlled_bridge_safe,25,20,unit_0256,256,2560.0,2570.0,0.8177153792359794,39,0.8177153792359794,10,False,,"{""score_fusion_geometry_motion"":0.3501815938595346,""score_fusion_yolo_motion"":0.8177153792359794,""score_motion"":0.670659445035364,""score_yolo_count"":0.7777777777777779,""score_yolo_geometry"":0.1452622918535815}"
cbbv1_c2e246d1504d9d8a80b2,controlled_track_B0_uniform_random_random_controlled_bridge_safe_s025_b20,B0_uniform_random,random_controlled_bridge_safe,25,20,unit_0247,247,2470.0,2480.0,0.7925283851872815,38,0.7925283851872815,11,False,,"{""score_fusion_geometry_motion"":0.2425415989813955,""score_fusion_yolo_motion"":0.7925283851872815,""score_motion"":0.6309679710446857,""score_yolo_count"":0.7777777777777779,""score_yolo_geometry"":0.0377512764225402}"
cbbv1_c2e246d1504d9d8a80b2,controlled_track_B0_uniform_random_random_controlled_bridge_safe_s025_b20,B0_uniform_random,random_controlled_bridge_safe,25,20,unit_0322,322,3220.0,3230.0,0.7581504844273542,48,0.7581504844273542,12,False,,"{""score_fusion_geometry_motion"":0.4449480163965394,""score_fusion_yolo_motion"":0.7581504844273542,""score_motion"":0.8627189067354941,""score_yolo_count"":0.5000000000000001,""score_yolo_geometry"":0.1655014442824501}"
cbbv1_c2e246d1504d9d8a80b2,controlled_track_B0_uniform_random_random_controlled_bridge_safe_s025_b20,B0_uniform_random,random_controlled_bridge_safe,25,20,unit_0171,171,1710.0,1720.0,0.7519247066604343,24,0.7519247066604343,13,False,,"{""score_fusion_geometry_motion"":0.2607322330796849,""score_fusion_yolo_motion"":0.7519247066604343,""score_motion"":0.6813522187293721,""score_yolo_count"":0.6666666666666667,""score_yolo_geometry"":0.0352337610523627}"
cbbv1_c2e246d1504d9d8a80b2,controlled_track_B0_uniform_random_random_controlled_bridge_safe_s025_b20,B0_uniform_random,random_controlled_bridge_safe,25,20,unit_0236,236,2360.0,2370.0,0.7518636822915334,35,0.7518636822915334,14,False,,"{""score_fusion_geometry_motion"":0.355919751823353,""score_fusion_yolo_motion"":0.7518636822915334,""score_motion"":0.9671821526556272,""score_yolo_count"":0.3888888888888889,""score_yolo_geometry"":0.0115549407299521}"
cbbv1_c2e246d1504d9d8a80b2,controlled_track_B0_uniform_random_random_controlled_bridge_safe_s025_b20,B0_uniform_random,random_controlled_bridge_safe,25,20,unit_0244,244,2440.0,2450.0,0.7320465855392532,38,0.7320465855392532,15,False,,"{""score_fusion_geometry_motion"":0.419206018811038,""score_fusion_yolo_motion"":0.7320465855392532,""score_motion"":0.7072120680489866,""score_yolo_count"":0.6111111111111112,""score_yolo_geometry"":0.2089465911445655}"
cbbv1_c2e246d1504d9d8a80b2,controlled_track_B0_uniform_random_random_controlled_bridge_safe_s025_b20,B0_uniform_random,random_controlled_bridge_safe,25,20,unit_0024,24,240.0,250.0,0.7227676375550663,5,0.7227676375550663,16,False,,"{""score_fusion_geometry_motion"":0.3663221102609009,""score_fusion_yolo_motion"":0.7227676375550663,""score_motion"":0.8069600756644965,""score_yolo_count"":0.5000000000000001,""score_yolo_geometry"":0.0996468618133081}"
cbbv1_c2e246d1504d9d8a80b2,controlled_track_B0_uniform_random_random_controlled_bridge_safe_s025_b20,B0_uniform_random,random_controlled_bridge_safe,25,20,unit_0250,250,2500.0,2510.0,0.7098221533522362,38,0.7098221533522362,17,False,,"{""score_fusion_geometry_motion"":0.3435415308726149,""score_fusion_yolo_motion"":0.7098221533522362,""score_motion"":0.557818771588521,""score_yolo_count"":0.7222222222222222,""score_yolo_geometry"":0.1909147692740275}"
cbbv1_c2e246d1504d9d8a80b2,controlled_track_B0_uniform_random_random_controlled_bridge_safe_s025_b20,B0_uniform_random,random_controlled_bridge_safe,25,20,unit_0336,336,3360.0,3370.0,0.7068225503259155,51,0.7068225503259155,18,False,,"{""score_fusion_geometry_motion"":0.3146360594377808,""score_fusion_yolo_motion"":0.7068225503259155,""score_motion"":0.8390178822364986,""score_yolo_count"":0.4444444444444445,""score_yolo_geometry"":0.0238125760623247}"
cbbv1_c2e246d1504d9d8a80b2,controlled_track_B0_uniform_random_random_controlled_bridge_safe_s025_b20,B0_uniform_random,random_controlled_bridge_safe,25,20,unit_0152,152,1520.0,1530.0,0.6912579641610177,20,0.6912579641610177,19,False,,"{""score_fusion_geometry_motion"":0.2610870234390989,""score_fusion_yolo_motion"":0.6912579641610177,""score_motion"":0.5285639890997241,""score_yolo_count"":0.7222222222222222,""score_yolo_geometry"":0.1080145239005699}"
cbbv1_c2e246d1504d9d8a80b2,controlled_track_B0_uniform_random_random_controlled_bridge_safe_s025_b20,B0_uniform_random,random_controlled_bridge_safe,25,20,unit_0209,209,2090.0,2100.0,0.6889057717494741,28,0.6889057717494741,20,False,,"{""score_fusion_geometry_motion"":0.2751191160248531,""score_fusion_yolo_motion"":0.6889057717494741,""score_motion"":0.5248572353782064,""score_yolo_count"":0.7222222222222222,""score_yolo_geometry"":0.1262360663686324}"
cbbv1_c2e246d1504d9d8a80b2,controlled_track_B0_uniform_random_random_controlled_bridge_safe_s025_b20,B0_uniform_random,random_controlled_bridge_safe,25,20,unit_0219,219,2190.0,2200.0,0.6853278301009221,31,0.6853278301009221,21,False,,"{""score_fusion_geometry_motion"":0.3876893133858834,""score_fusion_yolo_motion"":0.6853278301009221,""score_motion"":0.862330178594523,""score_yolo_count"":0.3888888888888889,""score_yolo_geometry"":0.0984954552028292}"
cbbv1_c2e246d1504d9d8a80b2,controlled_track_B0_uniform_random_random_controlled_bridge_safe_s025_b20,B0_uniform_random,random_controlled_bridge_safe,25,20,unit_0214,214,2140.0,2150.0,0.6848964827311995,29,0.6848964827311995,22,False,,"{""score_fusion_geometry_motion"":0.3637814117625125,""score_fusion_yolo_motion"":0.6848964827311995,""score_motion"":0.9188356505345362,""score_yolo_count"":0.3333333333333333,""score_yolo_geometry"":0.0436783352675733}"
cbbv1_c2e246d1504d9d8a80b2,controlled_track_B0_uniform_random_random_controlled_bridge_safe_s025_b20,B0_uniform_random,random_controlled_bridge_safe,25,20,unit_0335,335,3350.0,3360.0,0.6725503195613044,51,0.6725503195613044,23,False,,"{""score_fusion_geometry_motion"":0.3969753159644525,""score_fusion_yolo_motion"":0.6725503195613044,""score_motion"":0.670638799581661,""score_yolo_count"":0.5555555555555557,""score_yolo_geometry"":0.2001820616740376}"
cbbv1_c2e246d1504d9d8a80b2,controlled_track_B0_uniform_random_random_controlled_bridge_safe_s025_b20,B0_uniform_random,random_controlled_bridge_safe,25,20,unit_0154,154,1540.0,1550.0,0.6721170581241085,20,0.6721170581241085,24,False,,"{""score_fusion_geometry_motion"":0.3455961517113848,""score_fusion_yolo_motion"":0.6721170581241085,""score_motion"":0.612770814993034,""score_yolo_count"":0.6111111111111112,""score_yolo_geometry"":0.1672990586551427}"
cbbv1_c2e246d1504d9d8a80b2,controlled_track_B0_uniform_random_random_controlled_bridge_safe_s025_b20,B0_uniform_random,random_controlled_bridge_safe,25,20,unit_0207,207,2070.0,2080.0,0.6669429676639037,27,0.6669429676639037,25,False,,"{""score_fusion_geometry_motion"":0.3966005386913716,""score_fusion_yolo_motion"":0.6669429676639037,""score_motion"":0.7761727719812648,""score_yolo_count"":0.4444444444444445,""score_yolo_geometry"":0.1497586767069966}"
cbbv1_c2e246d1504d9d8a80b2,controlled_track_B0_uniform_random_random_controlled_bridge_safe_s025_b20,B0_uniform_random,random_controlled_bridge_safe,25,20,unit_0182,182,1820.0,1830.0,0.6645583012625847,26,0.6645583012625847,26,False,,"{""score_fusion_geometry_motion"":0.4683310133908984,""score_fusion_yolo_motion"":0.6645583012625847,""score_motion"":0.8296000635164149,""score_yolo_count"":0.3888888888888889,""score_yolo_geometry"":0.2086261072145673}"
cbbv1_c2e246d1504d9d8a80b2,controlled_track_B0_uniform_random_random_controlled_bridge_safe_s025_b20,B0_uniform_random,random_controlled_bridge_safe,25,20,unit_0123,123,1230.0,1240.0,0.6620575147238718,18,0.6620575147238718,27,False,,"{""score_fusion_geometry_motion"":0.2264384326535182,""score_fusion_yolo_motion"":0.6620575147238718,""score_motion"":0.4253626037854159,""score_yolo_count"":0.7777777777777779,""score_yolo_geometry"":0.1162350404323337}"
cbbv1_c2e246d1504d9d8a80b2,controlled_track_B0_uniform_random_random_controlled_bridge_safe_s025_b20,B0_uniform_random,random_controlled_bridge_safe,25,20,unit_0071,71,710.0,720.0,0.6617590510687522,12,0.6617590510687522,28,False,,"{""score_fusion_geometry_motion"":0.3114364610859945,""score_fusion_yolo_motion"":0.6617590510687522,""score_motion"":0.6536331437312479,""score_yolo_count"":0.5555555555555557,""score_yolo_geometry"":0.1078609940963933}"
cbbv1_c2e246d1504d9d8a80b2,controlled_track_B0_uniform_random_random_controlled_bridge_safe_s025_b20,B0_uniform_random,random_controlled_bridge_safe,25,20,unit_0168,168,1680.0,1690.0,0.6599969286861233,23,0.6599969286861233,29,False,,"{""score_fusion_geometry_motion"":0.2479195879203313,""score_fusion_yolo_motion"":0.6599969286861233,""score_motion"":0.6508562647363473,""score_yolo_count"":0.5555555555555557,""score_yolo_geometry"":0.0346424584979934}"
cbbv1_c2e246d1504d9d8a80b2,controlled_track_B0_uniform_random_random_controlled_bridge_safe_s025_b20,B0_uniform_random,random_controlled_bridge_safe,25,20,unit_0230,230,2300.0,2310.0,0.6581772164390797,33,0.6581772164390797,30,False,,"{""score_fusion_geometry_motion"":0.4867097961133039,""score_fusion_yolo_motion"":0.6581772164390797,""score_motion"":0.933914732006516,""score_yolo_count"":0.2777777777777778,""score_yolo_geometry"":0.1807865401942458}"
cbbv1_c2e246d1504d9d8a80b2,controlled_track_B0_uniform_random_random_controlled_bridge_safe_s025_b20,B0_uniform_random,random_controlled_bridge_safe,25,20,unit_0212,212,2120.0,2130.0,0.6534678183473466,29,0.6534678183473466,31,True,19,"{""score_fusion_geometry_motion"":0.4535911170188856,""score_fusion_yolo_motion"":0.6534678183473466,""score_motion"":0.9264933242947274,""score_yolo_count"":0.2777777777777778,""score_yolo_geometry"":0.1454384676719388}"
cbbv1_c2e246d1504d9d8a80b2,controlled_track_B0_uniform_random_random_controlled_bridge_safe_s025_b20,B0_uniform_random,random_controlled_bridge_safe,25,20,unit_0319,319,3190.0,3200.0,0.6488084457387213,48,0.6488084457387213,32,False,,"{""score_fusion_geometry_motion"":0.2779103654175293,""score_fusion_yolo_motion"":0.6488084457387213,""score_motion"":0.5188542096189221,""score_yolo_count"":0.6666666666666667,""score_yolo_geometry"":0.1323546392898545}"
cbbv1_c2e246d1504d9d8a80b2,controlled_track_B0_uniform_random_random_controlled_bridge_safe_s025_b20,B0_uniform_random,random_controlled_bridge_safe,25,20,unit_0329,329,3290.0,3300.0,0.634121747266852,49,0.634121747266852,33,False,,"{""score_fusion_geometry_motion"":0.2962112533274015,""score_fusion_yolo_motion"":0.634121747266852,""score_motion"":0.6672655157677362,""score_yolo_count"":0.5000000000000001,""score_yolo_geometry"":0.083538365124087}"
cbbv1_c2e246d1504d9d8a80b2,controlled_track_B0_uniform_random_random_controlled_bridge_safe_s025_b20,B0_uniform_random,random_controlled_bridge_safe,25,20,unit_0165,165,1650.0,1660.0,0.6339983113714996,22,0.6339983113714996,34,False,,"{""score_fusion_geometry_motion"":0.2418114214483295,""score_fusion_yolo_motion"":0.6339983113714996,""score_motion"":0.6098857765176341,""score_yolo_count"":0.5555555555555557,""score_yolo_geometry"":0.0468795206893805}"
cbbv1_c2e246d1504d9d8a80b2,controlled_track_B0_uniform_random_random_controlled_bridge_safe_s025_b20,B0_uniform_random,random_controlled_bridge_safe,25,20,unit_0231,231,2310.0,2320.0,0.629803642858995,33,0.629803642858995,35,False,,"{""score_fusion_geometry_motion"":0.2718169129809751,""score_fusion_yolo_motion"":0.629803642858995,""score_motion"":0.488905076437719,""score_yolo_count"":0.6666666666666667,""score_yolo_geometry"":0.1393889704476355}"
cbbv1_c2e246d1504d9d8a80b2,controlled_track_B0_uniform_random_random_controlled_bridge_safe_s025_b20,B0_uniform_random,random_controlled_bridge_safe,25,20,unit_0011,11,110.0,120.0,0.627852727001035,2,0.627852727001035,36,False,,"{""score_fusion_geometry_motion"":0.3752054508360154,""score_fusion_yolo_motion"":0.627852727001035,""score_motion"":0.7717567836356015,""score_yolo_count"":0.3888888888888889,""score_yolo_geometry"":0.1267441829657696}"
cbbv1_c2e246d1504d9d8a80b2,controlled_track_B0_uniform_random_random_controlled_bridge_safe_s025_b20,B0_uniform_random,random_controlled_bridge_safe,25,20,unit_0220,220,2200.0,2210.0,0.627536924637781,31,0.627536924637781,37,False,,"{""score_fusion_geometry_motion"":0.3773603843509951,""score_fusion_yolo_motion"":0.627536924637781,""score_motion"":1.0,""score_yolo_count"":0.1666666666666666,""score_yolo_geometry"":0.0211710279237285}"
cbbv1_c2e246d1504d9d8a80b2,controlled_track_B0_uniform_random_random_controlled_bridge_safe_s025_b20,B0_uniform_random,random_controlled_bridge_safe,25,20,unit_0234,234,2340.0,2350.0,0.626583523790338,34,0.626583523790338,38,False,,"{""score_fusion_geometry_motion"":0.2899331138668591,""score_fusion_yolo_motion"":0.626583523790338,""score_motion"":0.7125714619683026,""score_yolo_count"":0.4444444444444445,""score_yolo_geometry"":0.0547132347330697}"
cbbv1_c2e246d1504d9d8a80b2,controlled_track_B0_uniform_random_random_controlled_bridge_safe_s025_b20,B0_uniform_random,random_controlled_bridge_safe,25,20,unit_0280,280,2800.0,2810.0,0.62615448184184,44,0.62615448184184,39,False,,"{""score_fusion_geometry_motion"":0.2119375967491371,""score_fusion_yolo_motion"":0.62615448184184,""score_motion"":0.4831544664474931,""score_yolo_count"":0.6666666666666667,""score_yolo_geometry"":0.0718473536112152}"
cbbv1_c2e246d1504d9d8a80b2,controlled_track_B0_uniform_random_random_controlled_bridge_safe_s025_b20,B0_uniform_random,random_controlled_bridge_safe,25,20,unit_0339,339,3390.0,3400.0,0.6204138183827314,52,0.6204138183827314,40,False,,"{""score_fusion_geometry_motion"":0.2344136801345163,""score_fusion_yolo_motion"":0.6204138183827314,""score_motion"":0.4741079167109147,""score_yolo_count"":0.6666666666666667,""score_yolo_geometry"":0.1025065434674866}"
cbbv1_c2e246d1504d9d8a80b2,controlled_track_B0_uniform_random_random_controlled_bridge_safe_s025_b20,B0_uniform_random,random_controlled_bridge_safe,25,20,unit_0333,333,3330.0,3340.0,0.6194731949323831,50,0.6194731949323831,41,False,,"{""score_fusion_geometry_motion"":0.2088418478205123,""score_fusion_yolo_motion"":0.6194731949323831,""score_motion"":0.5298108348301286,""score_yolo_count"":0.6111111111111112,""score_yolo_geometry"":0.0461169978052771}"
cbbv1_c2e246d1504d9d8a80b2,controlled_track_B0_uniform_random_random_controlled_bridge_safe_s025_b20,B0_uniform_random,random_controlled_bridge_safe,25,20,unit_0267,267,2670.0,2680.0,0.6158538890142571,41,0.6158538890142571,42,False,,"{""score_fusion_geometry_motion"":0.261093961677278,""score_fusion_yolo_motion"":0.6158538890142571,""score_motion"":0.4097368324452951,""score_yolo_count"":0.7222222222222222,""score_yolo_geometry"":0.1643022628802348}"
cbbv1_c2e246d1504d9d8a80b2,controlled_track_B0_uniform_random_random_controlled_bridge_safe_s025_b20,B0_uniform_random,random_controlled_bridge_safe,25,20,unit_0238,238,2380.0,2390.0,0.608720967696707,35,0.608720967696707,43,True,10,"{""score_fusion_geometry_motion"":0.3092206418330274,""score_fusion_yolo_motion"":0.608720967696707,""score_motion"":0.5700519230978238,""score_yolo_count"":0.5555555555555557,""score_yolo_geometry"":0.1448470613902587}"
cbbv1_c2e246d1504d9d8a80b2,controlled_track_B0_uniform_random_random_controlled_bridge_safe_s025_b20,B0_uniform_random,random_controlled_bridge_safe,25,20,unit_0305,305,3050.0,3060.0,0.6077814616019719,47,0.6077814616019719,44,False,,"{""score_fusion_geometry_motion"":0.1731471226917933,""score_fusion_yolo_motion"":0.6077814616019719,""score_motion"":0.4542009417207648,""score_yolo_count"":0.6666666666666667,""score_yolo_geometry"":0.0400418899733291}"
cbbv1_c2e246d1504d9d8a80b2,controlled_track_B0_uniform_random_random_controlled_bridge_safe_s025_b20,B0_uniform_random,random_controlled_bridge_safe,25,20,unit_0252,252,2520.0,2530.0,0.6059540989488593,38,0.6059540989488593,45,False,,"{""score_fusion_geometry_motion"":0.2473801064461709,""score_fusion_yolo_motion"":0.6059540989488593,""score_motion"":0.5085064725243275,""score_yolo_count"":0.6111111111111112,""score_yolo_geometry"":0.1014299275941482}"
cbbv1_c2e246d1504d9d8a80b2,controlled_track_B0_uniform_random_random_controlled_bridge_safe_s025_b20,B0_uniform_random,random_controlled_bridge_safe,25,20,unit_0248,248,2480.0,2490.0,0.6047472460055555,38,0.6047472460055555,46,False,,"{""score_fusion_geometry_motion"":0.269019583648337,""score_fusion_yolo_motion"":0.6047472460055555,""score_motion"":0.5637898470896434,""score_yolo_count"":0.5555555555555557,""score_yolo_geometry"":0.1006390971923189}"
cbbv1_c2e246d1504d9d8a80b2,controlled_track_B0_uniform_random_random_controlled_bridge_safe_s025_b20,B0_uniform_random,random_controlled_bridge_safe,25,20,unit_0228,228,2280.0,2290.0,0.603626233840628,32,0.603626233840628,47,False,,"{""score_fusion_geometry_motion"":0.3757427459203356,""score_fusion_yolo_motion"":0.603626233840628,""score_motion"":0.8479493761253789,""score_yolo_count"":0.2777777777777778,""score_yolo_geometry"":0.0912878994359856}"
cbbv1_c2e246d1504d9d8a80b2,controlled_track_B0_uniform_random_random_controlled_bridge_safe_s025_b20,B0_uniform_random,random_controlled_bridge_safe,25,20,unit_0245,245,2450.0,2460.0,0.6018875931732448,38,0.6018875931732448,48,False,,"{""score_fusion_geometry_motion"":0.2862030061674687,""score_fusion_yolo_motion"":0.6018875931732448,""score_motion"":0.6164686208963506,""score_yolo_count"":0.5000000000000001,""score_yolo_geometry"":0.0958529250008226}"
cbbv1_c2e246d1504d9d8a80b2,controlled_track_B0_uniform_random_random_controlled_bridge_safe_s025_b20,B0_uniform_random,random_controlled_bridge_safe,25,20,unit_0164,164,1640.0,1650.0,0.5980942230481161,22,0.5980942230481161,49,False,,"{""score_fusion_geometry_motion"":0.2116564914896163,""score_fusion_yolo_motion"":0.5980942230481161,""score_motion"":0.5533055357357745,""score_yolo_count"":0.5555555555555557,""score_yolo_geometry"":0.0382921407355146}"
cbbv1_c2e246d1504d9d8a80b2,controlled_track_B0_uniform_random_random_controlled_bridge_safe_s025_b20,B0_uniform_random,random_controlled_bridge_safe,25,20,unit_0017,17,170.0,180.0,0.597436930903159,4,0.597436930903159,50,False,,"{""score_fusion_geometry_motion"":0.2440441089450219,""score_fusion_yolo_motion"":0.597436930903159,""score_motion"":0.5522697275712352,""score_yolo_count"":0.5555555555555557,""score_yolo_geometry"":0.0767879055016284}"
cbbv1_c2e246d1504d9d8a80b2,controlled_track_B0_uniform_random_random_controlled_bridge_safe_s025_b20,B0_uniform_random,random_controlled_bridge_safe,25,20,unit_0121,121,1210.0,1220.0,0.5973715550765036,17,0.5973715550765036,51,False,,"{""score_fusion_geometry_motion"":0.3996626662028005,""score_fusion_yolo_motion"":0.5973715550765036,""score_motion"":0.7237223639542075,""score_yolo_count"":0.3888888888888889,""score_yolo_geometry"":0.1781937857172617}"
cbbv1_c2e246d1504d9d8a80b2,controlled_track_B0_uniform_random_random_controlled_bridge_safe_s025_b20,B0_uniform_random,random_controlled_bridge_safe,25,20,unit_0227,227,2270.0,2280.0,0.5952488279694442,32,0.5952488279694442,52,True,6,"{""score_fusion_geometry_motion"":0.4198575897121071,""score_fusion_yolo_motion"":0.5952488279694442,""score_motion"":0.8919328784437153,""score_yolo_count"":0.2222222222222222,""score_yolo_geometry"":0.1222226492585451}"
cbbv1_c2e246d1504d9d8a80b2,controlled_track_B0_uniform_random_random_controlled_bridge_safe_s025_b20,B0_uniform_random,random_controlled_bridge_safe,25,20,unit_0211,211,2110.0,2120.0,0.590700503902421,29,0.590700503902421,53,False,,"{""score_fusion_geometry_motion"":0.3833118742439588,""score_fusion_yolo_motion"":0.590700503902421,""score_motion"":0.8275800826455407,""score_yolo_count"":0.2777777777777778,""score_yolo_geometry"":0.109817297870465}"
cbbv1_c2e246d1504d9d8a80b2,controlled_track_B0_uniform_random_random_controlled_bridge_safe_s025_b20,B0_uniform_random,random_controlled_bridge_safe,25,20,unit_0002,2,20.0,30.0,0.5887073775316176,0,0.5887073775316176,54,False,,"{""score_fusion_geometry_motion"":0.3264718092377796,""score_fusion_yolo_motion"":0.5887073775316176,""score_motion"":0.5956982905695278,""score_yolo_count"":0.5000000000000001,""score_yolo_geometry"":0.1529436271316399}"
cbbv1_c2e246d1504d9d8a80b2,controlled_track_B0_uniform_random_random_controlled_bridge_safe_s025_b20,B0_uniform_random,random_controlled_bridge_safe,25,20,unit_0246,246,2460.0,2470.0,0.586461667142015,38,0.586461667142015,55,False,,"{""score_fusion_geometry_motion"":0.2491936232934929,""score_fusion_yolo_motion"":0.586461667142015,""score_motion"":0.5349741187632123,""score_yolo_count"":0.5555555555555557,""score_yolo_geometry"":0.0910222370627748}"
cbbv1_c2e246d1504d9d8a80b2,controlled_track_B0_uniform_random_random_controlled_bridge_safe_s025_b20,B0_uniform_random,random_controlled_bridge_safe,25,20,unit_0297,297,2970.0,2980.0,0.5836632165919552,46,0.5836632165919552,56,False,,"{""score_fusion_geometry_motion"":0.2854180016223551,""score_fusion_yolo_motion"":0.5836632165919552,""score_motion"":0.759304999826936,""score_yolo_count"":0.3333333333333333,""score_yolo_geometry"":0.0272807806774889}"
cbbv1_c2e246d1504d9d8a80b2,controlled_track_B0_uniform_random_random_controlled_bridge_safe_s025_b20,B0_uniform_random,random_controlled_bridge_safe,25,20,unit_0151,151,1510.0,1520.0,0.5834332497984558,20,0.5834332497984558,57,False,,"{""score_fusion_geometry_motion"":0.1697332536141059,""score_fusion_yolo_motion"":0.5834332497984558,""score_motion"":0.4730165011298474,""score_yolo_count"":0.6111111111111112,""score_yolo_geometry"":0.0271243598927786}"
cbbv1_c2e246d1504d9d8a80b2,controlled_track_B0_uniform_random_random_controlled_bridge_safe_s025_b20,B0_uniform_random,random_controlled_bridge_safe,25,20,unit_0240,240,2400.0,2410.0,0.5805946253211425,36,0.5805946253211425,58,False,,"{""score_fusion_geometry_motion"":0.3372479125191189,""score_fusion_yolo_motion"":0.5805946253211425,""score_motion"":0.7544692933358004,""score_yolo_count"":0.3333333333333333,""score_yolo_geometry"":0.0903907920391198}"
cbbv1_c2e246d1504d9d8a80b2,controlled_track_B0_uniform_random_random_controlled_bridge_safe_s025_b20,B0_uniform_random,random_controlled_bridge_safe,25,20,unit_0253,253,2530.0,2540.0,0.580383301955681,38,0.580383301955681,59,False,,"{""score_fusion_geometry_motion"":0.2634697033568028,""score_fusion_yolo_motion"":0.580383301955681,""score_motion"":0.5825806144951251,""score_yolo_count"":0.5000000000000001,""score_yolo_geometry"":0.0852268115212093}"
cbbv1_c2e246d1504d9d8a80b2,controlled_track_B0_uniform_random_random_controlled_bridge_safe_s025_b20,B0_uniform_random,random_controlled_bridge_safe,25,20,unit_0271,271,2710.0,2720.0,0.5780860586840129,42,0.5780860586840129,60,False,,"{""score_fusion_geometry_motion"":0.1590418444340263,""score_fusion_yolo_motion"":0.5780860586840129,""score_motion"":0.4645900133706592,""score_yolo_count"":0.6111111111111112,""score_yolo_geometry"":0.018569550314509}"
cbbv1_c2e246d1504d9d8a80b2,controlled_track_B0_uniform_random_random_controlled_bridge_safe_s025_b20,B0_uniform_random,random_controlled_bridge_safe,25,20,unit_0292,292,2920.0,2930.0,0.575902880062269,45,0.575902880062269,61,False,,"{""score_fusion_geometry_motion"":0.2896717510909359,""score_fusion_yolo_motion"":0.575902880062269,""score_motion"":0.5755200439202565,""score_yolo_count"":0.5000000000000001,""score_yolo_geometry"":0.1193176153472441}"
cbbv1_c2e246d1504d9d8a80b2,controlled_track_B0_uniform_random_random_controlled_bridge_safe_s025_b20,B0_uniform_random,random_controlled_bridge_safe,25,20,unit_0306,306,3060.0,3070.0,0.5753661497795418,47,0.5753661497795418,62,False,,"{""score_fusion_geometry_motion"":0.1802251772097334,""score_fusion_yolo_motion"":0.5753661497795418,""score_motion"":0.3459333453888815,""score_yolo_count"":0.7222222222222222,""score_yolo_geometry"":0.0996259356648616}"
cbbv1_c2e246d1504d9d8a80b2,controlled_track_B0_uniform_random_random_controlled_bridge_safe_s025_b20,B0_uniform_random,random_controlled_bridge_safe,25,20,unit_0083,83,830.0,840.0,0.5752679858383861,13,0.5752679858383861,63,False,,"{""score_fusion_geometry_motion"":0.5138814772606553,""score_fusion_yolo_motion"":0.5752679858383861,""score_motion"":0.7460751923137107,""score_yolo_count"":0.3333333333333333,""score_yolo_geometry"":0.3016367271861772}"
cbbv1_c2e246d1504d9d8a80b2,controlled_track_B0_uniform_random_random_controlled_bridge_safe_s025_b20,B0_uniform_random,random_controlled_bridge_safe,25,20,unit_0061,61,610.0,620.0,0.5750501688477344,9,0.5750501688477344,64,False,,"{""score_fusion_geometry_motion"":0.3835900482175909,""score_fusion_yolo_motion"":0.5750501688477344,""score_motion"":0.6313615004539599,""score_yolo_count"":0.4444444444444445,""score_yolo_geometry"":0.203077887276972}"
cbbv1_c2e246d1504d9d8a80b2,controlled_track_B0_uniform_random_random_controlled_bridge_safe_s025_b20,B0_uniform_random,random_controlled_bridge_safe,25,20,unit_0096,96,960.0,970.0,0.5743454831484714,16,0.5743454831484714,65,False,,"{""score_fusion_geometry_motion"":0.267662468050301,""score_fusion_yolo_motion"":0.5743454831484714,""score_motion"":0.515880565919384,""score_yolo_count"":0.5555555555555557,""score_yolo_geometry"":0.1217376605056775}"
cbbv1_c2e246d1504d9d8a80b2,controlled_track_B0_uniform_random_random_controlled_bridge_safe_s025_b20,B0_uniform_random,random_controlled_bridge_safe,25,20,unit_0055,55,550.0,560.0,0.5742216223379267,8,0.5742216223379267,66,False,,"{""score_fusion_geometry_motion"":0.356248240237545,""score_fusion_yolo_motion"":0.5742216223379267,""score_motion"":0.6300558173628963,""score_yolo_count"":0.4444444444444445,""score_yolo_geometry"":0.1716121071597119}"
cbbv1_c2e246d1504d9d8a80b2,controlled_track_B0_uniform_random_random_controlled_bridge_safe_s025_b20,B0_uniform_random,random_controlled_bridge_safe,25,20,unit_0035,35,350.0,360.0,0.5710048458851692,6,0.5710048458851692,67,False,,"{""score_fusion_geometry_motion"":0.2132934767166973,""score_fusion_yolo_motion"":0.5710048458851692,""score_motion"":0.5106161498166809,""score_yolo_count"":0.5555555555555557,""score_yolo_geometry"":0.0604318485279549}"
cbbv1_c2e246d1504d9d8a80b2,controlled_track_B0_uniform_random_random_controlled_bridge_safe_s025_b20,B0_uniform_random,random_controlled_bridge_safe,25,20,unit_0170,170,1700.0,1710.0,0.5637967780012512,24,0.5637967780012512,68,False,,"{""score_fusion_geometry_motion"":0.2602304651270689,""score_fusion_yolo_motion"":0.5637967780012512,""score_motion"":0.5564423789097219,""score_yolo_count"":0.5000000000000001,""score_yolo_geometry"":0.0938054750349243}"
cbbv1_c2e246d1504d9d8a80b2,controlled_track_B0_uniform_random_random_controlled_bridge_safe_s025_b20,B0_uniform_random,random_controlled_bridge_safe,25,20,unit_0237,237,2370.0,2380.0,0.5604401468301864,35,0.5604401468301864,69,False,,"{""score_fusion_geometry_motion"":0.2292327948463791,""score_fusion_yolo_motion"":0.5604401468301864,""score_motion"":0.6083379785604164,""score_yolo_count"":0.4444444444444445,""score_yolo_geometry"":0.032852235532707}"
cbbv1_c2e246d1504d9d8a80b2,controlled_track_B0_uniform_random_random_controlled_bridge_safe_s025_b20,B0_uniform_random,random_controlled_bridge_safe,25,20,unit_0172,172,1720.0,1730.0,0.5543394821303932,24,0.5543394821303932,70,False,,"{""score_fusion_geometry_motion"":0.2178591058614561,""score_fusion_yolo_motion"":0.5543394821303932,""score_motion"":0.541538892913952,""score_yolo_count"":0.5000000000000001,""score_yolo_geometry"":0.0511435697507372}"
cbbv1_c2e246d1504d9d8a80b2,controlled_track_B0_uniform_random_random_controlled_bridge_safe_s025_b20,B0_uniform_random,random_controlled_bridge_safe,25,20,unit_0342,342,3420.0,3430.0,0.5530783112285766,53,0.5530783112285766,71,False,,"{""score_fusion_geometry_motion"":0.4358142609487452,""score_fusion_yolo_motion"":0.5530783112285766,""score_motion"":0.4823662291358158,""score_yolo_count"":0.5555555555555557,""score_yolo_geometry"":0.3349282685838261}"
cbbv1_c2e246d1504d9d8a80b2,controlled_track_B0_uniform_random_random_controlled_bridge_safe_s025_b20,B0_uniform_random,random_controlled_bridge_safe,25,20,unit_0321,321,3210.0,3220.0,0.5521216202285555,48,0.5521216202285555,72,False,,"{""score_fusion_geometry_motion"":0.3495097558123624,""score_fusion_yolo_motion"":0.5521216202285555,""score_motion"":0.4236733866527271,""score_yolo_count"":0.6111111111111112,""score_yolo_geometry"":0.2614528740494656}"
cbbv1_c2e246d1504d9d8a80b2,controlled_track_B0_uniform_random_random_controlled_bridge_safe_s025_b20,B0_uniform_random,random_controlled_bridge_safe,25,20,unit_0215,215,2150.0,2160.0,0.5515135861739686,29,0.5515135861739686,73,False,,"{""score_fusion_geometry_motion"":0.3420603595894467,""score_fusion_yolo_motion"":0.5515135861739686,""score_motion"":0.8801969637390322,""score_yolo_count"":0.1666666666666666,""score_yolo_geometry"":0.036490089510753}"
cbbv1_c2e246d1504d9d8a80b2,controlled_track_B0_uniform_random_random_controlled_bridge_safe_s025_b20,B0_uniform_random,random_controlled_bridge_safe,25,20,unit_0052,52,520.0,530.0,0.5496507770903432,7,0.5496507770903432,74,False,,"{""score_fusion_geometry_motion"":0.3869807781355379,""score_fusion_yolo_motion"":0.5496507770903432,""score_motion"":0.648520535002708,""score_yolo_count"":0.3888888888888889,""score_yolo_geometry"":0.1989297718886845}"
cbbv1_c2e246d1504d9d8a80b2,controlled_track_B0_uniform_random_random_controlled_bridge_safe_s025_b20,B0_uniform_random,random_controlled_bridge_safe,25,20,unit_0249,249,2490.0,2500.0,0.5484630850340604,38,0.5484630850340604,75,False,,"{""score_fusion_geometry_motion"":0.2167669787597947,""score_fusion_yolo_motion"":0.5484630850340604,""score_motion"":0.4750932242624847,""score_yolo_count"":0.5555555555555557,""score_yolo_geometry"":0.0813323930589238}"
cbbv1_c2e246d1504d9d8a80b2,controlled_track_B0_uniform_random_random_controlled_bridge_safe_s025_b20,B0_uniform_random,random_controlled_bridge_safe,25,20,unit_0054,54,540.0,550.0,0.5409745044826398,8,0.5409745044826398,76,False,,"{""score_fusion_geometry_motion"":0.3042604857034034,""score_fusion_yolo_motion"":0.5409745044826398,""score_motion"":0.8635887219604294,""score_yolo_count"":0.1666666666666666,""score_yolo_geometry"":0.0}"
cbbv1_c2e246d1504d9d8a80b2,controlled_track_B0_uniform_random_random_controlled_bridge_safe_s025_b20,B0_uniform_random,random_controlled_bridge_safe,25,20,unit_0330,330,3300.0,3310.0,0.5358821131963424,49,0.5358821131963424,77,False,,"{""score_fusion_geometry_motion"":0.2484722783776188,""score_fusion_yolo_motion"":0.5358821131963424,""score_motion"":0.6840081057630366,""score_yolo_count"":0.3333333333333333,""score_yolo_geometry"":0.0195894474250848}"
cbbv1_c2e246d1504d9d8a80b2,controlled_track_B0_uniform_random_random_controlled_bridge_safe_s025_b20,B0_uniform_random,random_controlled_bridge_safe,25,20,unit_0331,331,3310.0,3320.0,0.5349189533368359,49,0.5349189533368359,78,False,,"{""score_fusion_geometry_motion"":0.2837137829261938,""score_fusion_yolo_motion"":0.5349189533368359,""score_motion"":0.5681198490847889,""score_yolo_count"":0.4444444444444445,""score_yolo_geometry"":0.1158311731286088}"
cbbv1_c2e246d1504d9d8a80b2,controlled_track_B0_uniform_random_random_controlled_bridge_safe_s025_b20,B0_uniform_random,random_controlled_bridge_safe,25,20,unit_0217,217,2170.0,2180.0,0.5325554231490695,30,0.5325554231490695,79,False,,"{""score_fusion_geometry_motion"":0.3572910870193119,""score_fusion_yolo_motion"":0.5325554231490695,""score_motion"":0.735950888786782,""score_yolo_count"":0.2777777777777778,""score_yolo_geometry"":0.122681204277366}"
cbbv1_c2e246d1504d9d8a80b2,controlled_track_B0_uniform_random_random_controlled_bridge_safe_s025_b20,B0_uniform_random,random_controlled_bridge_safe,25,20,unit_0226,226,2260.0,2270.0,0.5323455860039765,32,0.5323455860039765,80,False,,"{""score_fusion_geometry_motion"":0.2954909058694417,""score_fusion_yolo_motion"":0.5323455860039765,""score_motion"":0.7356202123443836,""score_yolo_count"":0.2777777777777778,""score_yolo_geometry"":0.0503185327586347}"
cbbv1_c2e246d1504d9d8a80b2,controlled_track_B0_uniform_random_random_controlled_bridge_safe_s025_b20,B0_uniform_random,random_controlled_bridge_safe,25,20,unit_0015,15,150.0,160.0,0.530912920909698,3,0.530912920909698,81,False,,"{""score_fusion_geometry_motion"":0.1891324126059514,""score_fusion_yolo_motion"":0.530912920909698,""score_motion"":0.5046216353966609,""score_yolo_count"":0.5000000000000001,""score_yolo_geometry"":0.0349192564999267}"
cbbv1_c2e246d1504d9d8a80b2,controlled_track_B0_uniform_random_random_controlled_bridge_safe_s025_b20,B0_uniform_random,random_controlled_bridge_safe,25,20,unit_0242,242,2420.0,2430.0,0.5296012171719338,37,0.5296012171719338,82,False,,"{""score_fusion_geometry_motion"":0.2636783073576725,""score_fusion_yolo_motion"":0.5296012171719338,""score_motion"":0.5025545584485234,""score_yolo_count"":0.5000000000000001,""score_yolo_geometry"":0.1233739956402629}"
cbbv1_c2e246d1504d9d8a80b2,controlled_track_B0_uniform_random_random_controlled_bridge_safe_s025_b20,B0_uniform_random,random_controlled_bridge_safe,25,20,unit_0070,70,700.0,710.0,0.5281975632101235,12,0.5281975632101235,83,False,,"{""score_fusion_geometry_motion"":0.2997903423636426,""score_fusion_yolo_motion"":0.5281975632101235,""score_motion"":0.7290834601413763,""score_yolo_count"":0.2777777777777778,""score_yolo_geometry"":0.0584596711292861}"
cbbv1_c2e246d1504d9d8a80b2,controlled_track_B0_uniform_random_random_controlled_bridge_safe_s025_b20,B0_uniform_random,random_controlled_bridge_safe,25,20,unit_0268,268,2680.0,2690.0,0.5280540253639815,41,0.5280540253639815,84,False,,"{""score_fusion_geometry_motion"":0.1832893670242231,""score_fusion_yolo_motion"":0.5280540253639815,""score_motion"":0.3857459422844775,""score_yolo_count"":0.6111111111111112,""score_yolo_geometry"":0.0843653327825876}"
cbbv1_c2e246d1504d9d8a80b2,controlled_track_B0_uniform_random_random_controlled_bridge_safe_s025_b20,B0_uniform_random,random_controlled_bridge_safe,25,20,unit_0264,264,2640.0,2650.0,0.5250744047022463,40,0.5250744047022463,85,False,,"{""score_fusion_geometry_motion"":0.2748043297295364,""score_fusion_yolo_motion"":0.5250744047022463,""score_motion"":0.6097913224757452,""score_yolo_count"":0.3888888888888889,""score_yolo_geometry"":0.0856397131391021}"
cbbv1_c2e246d1504d9d8a80b2,controlled_track_B0_uniform_random_random_controlled_bridge_safe_s025_b20,B0_uniform_random,random_controlled_bridge_safe,25,20,unit_0025,25,250.0,260.0,0.5235372948268195,5,0.5235372948268195,86,False,,"{""score_fusion_geometry_motion"":0.1794825061102092,""score_fusion_yolo_motion"":0.5235372948268195,""score_motion"":0.4929985941449928,""score_yolo_count"":0.5000000000000001,""score_yolo_geometry"":0.0291005659263579}"
cbbv1_c2e246d1504d9d8a80b2,controlled_track_B0_uniform_random_random_controlled_bridge_safe_s025_b20,B0_uniform_random,random_controlled_bridge_safe,25,20,unit_0155,155,1550.0,1560.0,0.5234286647736183,20,0.5234286647736183,87,False,,"{""score_fusion_geometry_motion"":0.1767155121051806,""score_fusion_yolo_motion"":0.5234286647736183,""score_motion"":0.4928274071060429,""score_yolo_count"":0.5000000000000001,""score_yolo_geometry"":0.0259347214031584}"
cbbv1_c2e246d1504d9d8a80b2,controlled_track_B0_uniform_random_random_controlled_bridge_safe_s025_b20,B0_uniform_random,random_controlled_bridge_safe,25,20,unit_0063,63,630.0,640.0,0.5212475051459906,10,0.5212475051459906,88,False,,"{""score_fusion_geometry_motion"":0.2344242084395179,""score_fusion_yolo_motion"":0.5212475051459906,""score_motion"":0.4893901791279001,""score_yolo_count"":0.5000000000000001,""score_yolo_geometry"":0.0952808253831234}"
cbbv1_c2e246d1504d9d8a80b2,controlled_track_B0_uniform_random_random_controlled_bridge_safe_s025_b20,B0_uniform_random,random_controlled_bridge_safe,25,20,unit_0278,278,2780.0,2790.0,0.5197236376633201,43,0.5197236376633201,89,False,,"{""score_fusion_geometry_motion"":0.2081974551607439,""score_fusion_yolo_motion"":0.5197236376633201,""score_motion"":0.4869887593142966,""score_yolo_count"":0.5000000000000001,""score_yolo_geometry"":0.0656424728753097}"
cbbv1_c2e246d1504d9d8a80b2,controlled_track_B0_uniform_random_random_controlled_bridge_safe_s025_b20,B0_uniform_random,random_controlled_bridge_safe,25,20,unit_0317,317,3170.0,3180.0,0.5191186604527276,48,0.5191186604527276,90,False,,"{""score_fusion_geometry_motion"":0.2016630903033578,""score_fusion_yolo_motion"":0.5191186604527276,""score_motion"":0.2572945123729339,""score_yolo_count"":0.7222222222222222,""score_yolo_geometry"":0.166763839115502}"
cbbv1_c2e246d1504d9d8a80b2,controlled_track_B0_uniform_random_random_controlled_bridge_safe_s025_b20,B0_uniform_random,random_controlled_bridge_safe,25,20,unit_0318,318,3180.0,3190.0,0.5188163285821922,48,0.5188163285821922,91,False,,"{""score_fusion_geometry_motion"":0.2920072290282522,""score_fusion_yolo_motion"":0.5188163285821922,""score_motion"":0.3140032962016337,""score_yolo_count"":0.6666666666666667,""score_yolo_geometry"":0.245919234116786}"
cbbv1_c2e246d1504d9d8a80b2,controlled_track_B0_uniform_random_random_controlled_bridge_safe_s025_b20,B0_uniform_random,random_controlled_bridge_safe,25,20,unit_0159,159,1590.0,1600.0,0.5134335642768014,21,0.5134335642768014,92,False,,"{""score_fusion_geometry_motion"":0.2369890364895456,""score_fusion_yolo_motion"":0.5134335642768014,""score_motion"":0.4770764099590002,""score_yolo_count"":0.5000000000000001,""score_yolo_geometry"":0.1041226350462514}"
cbbv1_c2e246d1504d9d8a80b2,controlled_track_B0_uniform_random_random_controlled_bridge_safe_s025_b20,B0_uniform_random,random_controlled_bridge_safe,25,20,unit_0153,153,1530.0,1540.0,0.513405906740442,20,0.513405906740442,93,False,,"{""score_fusion_geometry_motion"":0.3598533217531099,""score_fusion_yolo_motion"":0.513405906740442,""score_motion"":0.419847605125188,""score_yolo_count"":0.5555555555555557,""score_yolo_geometry"":0.2754024975647185}"
cbbv1_c2e246d1504d9d8a80b2,controlled_track_B0_uniform_random_random_controlled_bridge_safe_s025_b20,B0_uniform_random,random_controlled_bridge_safe,25,20,unit_0255,255,2550.0,2560.0,0.5126641026475133,39,0.5126641026475133,94,False,,"{""score_fusion_geometry_motion"":0.3491946875830825,""score_fusion_yolo_motion"":0.5126641026475133,""score_motion"":0.7046047174730767,""score_yolo_count"":0.2777777777777778,""score_yolo_geometry"":0.1280268548150648}"
cbbv1_c2e246d1504d9d8a80b2,controlled_track_B0_uniform_random_random_controlled_bridge_safe_s025_b20,B0_uniform_random,random_controlled_bridge_safe,25,20,unit_0036,36,360.0,370.0,0.5111403211896055,6,0.5111403211896055,95,False,,"{""score_fusion_geometry_motion"":0.36881063334312,""score_fusion_yolo_motion"":0.5111403211896055,""score_motion"":0.8165738734271315,""score_yolo_count"":0.1666666666666666,""score_yolo_geometry"":0.0980136719584701}"
cbbv1_c2e246d1504d9d8a80b2,controlled_track_B0_uniform_random_random_controlled_bridge_safe_s025_b20,B0_uniform_random,random_controlled_bridge_safe,25,20,unit_0067,67,670.0,680.0,0.5094062841904405,11,0.5094062841904405,96,True,2,"{""score_fusion_geometry_motion"":0.2909979901784781,""score_fusion_yolo_motion"":0.5094062841904405,""score_motion"":0.8138412533964063,""score_yolo_count"":0.1666666666666666,""score_yolo_geometry"":0.0079988339109559}"
cbbv1_c2e246d1504d9d8a80b2,controlled_track_B0_uniform_random_random_controlled_bridge_safe_s025_b20,B0_uniform_random,random_controlled_bridge_safe,25,20,unit_0085,85,850.0,860.0,0.5065095908486931,14,0.5065095908486931,97,False,,"{""score_fusion_geometry_motion"":0.2033090670609322,""score_fusion_yolo_motion"":0.5065095908486931,""score_motion"":0.5233503354973521,""score_yolo_count"":0.4444444444444445,""score_yolo_geometry"":0.0426844268674203}"
cbbv1_c2e246d1504d9d8a80b2,controlled_track_B0_uniform_random_random_controlled_bridge_safe_s025_b20,B0_uniform_random,random_controlled_bridge_safe,25,20,unit_0272,272,2720.0,2730.0,0.505637005128128,42,0.505637005128128,98,False,,"{""score_fusion_geometry_motion"":0.1993486215988996,""score_fusion_yolo_motion"":0.505637005128128,""score_motion"":0.521975252255363,""score_yolo_count"":0.4444444444444445,""score_yolo_geometry"":0.0386883255261547}"
cbbv1_c2e246d1504d9d8a80b2,controlled_track_B0_uniform_random_random_controlled_bridge_safe_s025_b20,B0_uniform_random,random_controlled_bridge_safe,25,20,unit_0213,213,2130.0,2140.0,0.5047122335103426,29,0.5047122335103426,99,False,,"{""score_fusion_geometry_motion"":0.3686228817581181,""score_fusion_yolo_motion"":0.5047122335103426,""score_motion"":0.9208144714416848,""score_yolo_count"":0.0555555555555555,""score_yolo_geometry"":0.0484223272500327}"
cbbv1_c2e246d1504d9d8a80b2,controlled_track_B0_uniform_random_random_controlled_bridge_safe_s025_b20,B0_uniform_random,random_controlled_bridge_safe,25,20,unit_0090,90,900.0,910.0,0.5033427962114588,15,0.5033427962114588,100,False,,"{""score_fusion_geometry_motion"":0.2218970718952246,""score_fusion_yolo_motion"":0.5033427962114588,""score_motion"":0.4611746529872422,""score_yolo_count"":0.5000000000000001,""score_yolo_geometry"":0.0939444830155867}"
cbbv1_c2e246d1504d9d8a80b2,controlled_track_B0_uniform_random_random_controlled_bridge_safe_s025_b20,B0_uniform_random,random_controlled_bridge_safe,25,20,unit_0344,344,3440.0,3450.0,0.5023935252408356,54,0.5023935252408356,101,False,,"{""score_fusion_geometry_motion"":0.1426764712016096,""score_fusion_yolo_motion"":0.5023935252408356,""score_motion"":0.2881230633156781,""score_yolo_count"":0.6666666666666667,""score_yolo_geometry"":0.082944924448698}"
cbbv1_c2e246d1504d9d8a80b2,controlled_track_B0_uniform_random_random_controlled_bridge_safe_s025_b20,B0_uniform_random,random_controlled_bridge_safe,25,20,unit_0316,316,3160.0,3170.0,0.4997715704242347,48,0.4997715704242347,102,False,,"{""score_fusion_geometry_motion"":0.1997474319397187,""score_fusion_yolo_motion"":0.4997715704242347,""score_motion"":0.2268059785218317,""score_yolo_count"":0.7222222222222222,""score_yolo_geometry"":0.1789560676863206}"
cbbv1_c2e246d1504d9d8a80b2,controlled_track_B0_uniform_random_random_controlled_bridge_safe_s025_b20,B0_uniform_random,random_controlled_bridge_safe,25,20,unit_0315,315,3150.0,3160.0,0.4994520813460302,48,0.4994520813460302,103,False,,"{""score_fusion_geometry_motion"":0.2123705294290747,""score_fusion_yolo_motion"":0.4994520813460302,""score_motion"":0.3406729448923954,""score_yolo_count"":0.6111111111111112,""score_yolo_geometry"":0.1398382903897515}"
cbbv1_c2e246d1504d9d8a80b2,controlled_track_B0_uniform_random_random_controlled_bridge_safe_s025_b20,B0_uniform_random,random_controlled_bridge_safe,25,20,unit_0177,177,1770.0,1780.0,0.4961764067218399,25,0.4961764067218399,104,False,,"{""score_fusion_geometry_motion"":0.325931927797906,""score_fusion_yolo_motion"":0.4961764067218399,""score_motion"":0.7929926623962442,""score_yolo_count"":0.1666666666666666,""score_yolo_geometry"":0.0588664160293756}"
cbbv1_c2e246d1504d9d8a80b2,controlled_track_B0_uniform_random_random_controlled_bridge_safe_s025_b20,B0_uniform_random,random_controlled_bridge_safe,25,20,unit_0205,205,2050.0,2060.0,0.4960030320233456,-1,0.4960030320233456,105,False,,"{""score_fusion_geometry_motion"":0.323171527233751,""score_fusion_yolo_motion"":0.4960030320233456,""score_motion"":0.7355342259938658,""score_yolo_count"":0.2222222222222222,""score_yolo_geometry"":0.0828410231436833}"
cbbv1_c2e246d1504d9d8a80b2,controlled_track_B0_uniform_random_random_controlled_bridge_safe_s025_b20,B0_uniform_random,random_controlled_bridge_safe,25,20,unit_0033,33,330.0,340.0,0.4951878882281705,-1,0.4951878882281705,106,False,,"{""score_fusion_geometry_motion"":0.2185409391029538,""score_fusion_yolo_motion"":0.4951878882281705,""score_motion"":0.6198792236593581,""score_yolo_count"":0.3333333333333333,""score_yolo_geometry"":0.0148396701355157}"
cbbv1_c2e246d1504d9d8a80b2,controlled_track_B0_uniform_random_random_controlled_bridge_safe_s025_b20,B0_uniform_random,random_controlled_bridge_safe,25,20,unit_0307,307,3070.0,3080.0,0.4951387621068568,-1,0.4951387621068568,107,False,,"{""score_fusion_geometry_motion"":0.2029375087544726,""score_fusion_yolo_motion"":0.4951387621068568,""score_motion"":0.448246146883979,""score_yolo_count"":0.5000000000000001,""score_yolo_geometry"":0.0778196977925252}"
cbbv1_c2e246d1504d9d8a80b2,controlled_track_B0_uniform_random_random_controlled_bridge_safe_s025_b20,B0_uniform_random,random_controlled_bridge_safe,25,20,unit_0279,279,2790.0,2800.0,0.4945212437396654,-1,0.4945212437396654,108,False,,"{""score_fusion_geometry_motion"":0.3722576312436919,""score_fusion_yolo_motion"":0.4945212437396654,""score_motion"":0.447273017094741,""score_yolo_count"":0.5000000000000001,""score_yolo_geometry"":0.2769689271838985}"
cbbv1_c2e246d1504d9d8a80b2,controlled_track_B0_uniform_random_random_controlled_bridge_safe_s025_b20,B0_uniform_random,random_controlled_bridge_safe,25,20,unit_0239,239,2390.0,2400.0,0.4935013927223355,-1,0.4935013927223355,109,False,,"{""score_fusion_geometry_motion"":0.3114098708884954,""score_fusion_yolo_motion"":0.4935013927223355,""score_motion"":0.5600363028261182,""score_yolo_count"":0.3888888888888889,""score_yolo_geometry"":0.1521596628085782}"
cbbv1_c2e246d1504d9d8a80b2,controlled_track_B0_uniform_random_random_controlled_bridge_safe_s025_b20,B0_uniform_random,random_controlled_bridge_safe,25,20,unit_0056,56,560.0,570.0,0.4907105560849912,-1,0.4907105560849912,110,False,,"{""score_fusion_geometry_motion"":0.2598448470760962,""score_fusion_yolo_motion"":0.4907105560849912,""score_motion"":0.6700087422366218,""score_yolo_count"":0.2777777777777778,""score_yolo_geometry"":0.0395650220650858}"
cbbv1_c2e246d1504d9d8a80b2,controlled_track_B0_uniform_random_random_controlled_bridge_safe_s025_b20,B0_uniform_random,random_controlled_bridge_safe,25,20,unit_0288,288,2880.0,2890.0,0.4902382657737715,-1,0.4902382657737715,111,False,,"{""score_fusion_geometry_motion"":0.1782863553718054,""score_fusion_yolo_motion"":0.4902382657737715,""score_motion"":0.4977088129418447,""score_yolo_count"":0.4444444444444445,""score_yolo_geometry"":0.0254660646826809}"
cbbv1_c2e246d1504d9d8a80b2,controlled_track_B0_uniform_random_random_controlled_bridge_safe_s025_b20,B0_uniform_random,random_controlled_bridge_safe,25,20,unit_0276,276,2760.0,2770.0,0.4858861486924493,-1,0.4858861486924493,112,False,,"{""score_fusion_geometry_motion"":0.1640809174938442,""score_fusion_yolo_motion"":0.4858861486924493,""score_motion"":0.3192947739984085,""score_yolo_count"":0.6111111111111112,""score_yolo_geometry"":0.0932982016404427}"
cbbv1_c2e246d1504d9d8a80b2,controlled_track_B0_uniform_random_random_controlled_bridge_safe_s025_b20,B0_uniform_random,random_controlled_bridge_safe,25,20,unit_0176,176,1760.0,1770.0,0.4807496468301929,-1,0.4807496468301929,113,False,,"{""score_fusion_geometry_motion"":0.2118136218073217,""score_fusion_yolo_motion"":0.4807496468301929,""score_motion"":0.5971264060023186,""score_yolo_count"":0.3333333333333333,""score_yolo_geometry"":0.0177218338478029}"
cbbv1_c2e246d1504d9d8a80b2,controlled_track_B0_uniform_random_random_controlled_bridge_safe_s025_b20,B0_uniform_random,random_controlled_bridge_safe,25,20,unit_0332,332,3320.0,3330.0,0.4802360623041942,-1,0.4802360623041942,114,False,,"{""score_fusion_geometry_motion"":0.2743781653099513,""score_fusion_yolo_motion"":0.4802360623041942,""score_motion"":0.5391318425220659,""score_yolo_count"":0.3888888888888889,""score_yolo_geometry"":0.1186057783116645}"
cbbv1_c2e246d1504d9d8a80b2,controlled_track_B0_uniform_random_random_controlled_bridge_safe_s025_b20,B0_uniform_random,random_controlled_bridge_safe,25,20,unit_0141,141,1410.0,1420.0,0.4798088943427007,-1,0.4798088943427007,115,False,,"{""score_fusion_geometry_motion"":0.2204563840877932,""score_fusion_yolo_motion"":0.4798088943427007,""score_motion"":0.481273460470045,""score_yolo_count"":0.4444444444444445,""score_yolo_geometry"":0.0827345989227863}"
cbbv1_c2e246d1504d9d8a80b2,controlled_track_B0_uniform_random_random_controlled_bridge_safe_s025_b20,B0_uniform_random,random_controlled_bridge_safe,25,20,unit_0302,302,3020.0,3030.0,0.4792818859234803,-1,0.4792818859234803,116,False,,"{""score_fusion_geometry_motion"":0.1589927201282682,""score_fusion_yolo_motion"":0.4792818859234803,""score_motion"":0.2517020823493461,""score_yolo_count"":0.6666666666666667,""score_yolo_geometry"":0.1193411045640805}"
cbbv1_c2e246d1504d9d8a80b2,controlled_track_B0_uniform_random_random_controlled_bridge_safe_s025_b20,B0_uniform_random,random_controlled_bridge_safe,25,20,unit_0084,84,840.0,850.0,0.4762936972472052,-1,0.4762936972472052,117,False,,"{""score_fusion_geometry_motion"":0.2224280159290892,""score_fusion_yolo_motion"":0.4762936972472052,""score_motion"":0.6472896207534911,""score_yolo_count"":0.2777777777777778,""score_yolo_geometry"":0.0064186830088782}"
cbbv1_c2e246d1504d9d8a80b2,controlled_track_B0_uniform_random_random_controlled_bridge_safe_s025_b20,B0_uniform_random,random_controlled_bridge_safe,25,20,unit_0204,204,2040.0,2050.0,0.4759686810284873,-1,0.4759686810284873,118,False,,"{""score_fusion_geometry_motion"":0.2920738450762042,""score_fusion_yolo_motion"":0.4759686810284873,""score_motion"":0.7039626569572801,""score_yolo_count"":0.2222222222222222,""score_yolo_geometry"":0.0613026225720426}"
cbbv1_c2e246d1504d9d8a80b2,controlled_track_B0_uniform_random_random_controlled_bridge_safe_s025_b20,B0_uniform_random,random_controlled_bridge_safe,25,20,unit_0135,135,1350.0,1360.0,0.4735517563545031,-1,0.4735517563545031,119,False,,"{""score_fusion_geometry_motion"":0.244982725060044,""score_fusion_yolo_motion"":0.4735517563545031,""score_motion"":0.5857834532842922,""score_yolo_count"":0.3333333333333333,""score_yolo_geometry"":0.0620163601596397}"
cbbv1_c2e246d1504d9d8a80b2,controlled_track_B0_uniform_random_random_controlled_bridge_safe_s025_b20,B0_uniform_random,random_controlled_bridge_safe,25,20,unit_0157,157,1570.0,1580.0,0.4710871393162527,-1,0.4710871393162527,120,False,,"{""score_fusion_geometry_motion"":0.2349247068621138,""score_fusion_yolo_motion"":0.4710871393162527,""score_motion"":0.5818995327623927,""score_yolo_count"":0.3333333333333333,""score_yolo_geometry"":0.052053325187438}"
cbbv1_c2e246d1504d9d8a80b2,controlled_track_B0_uniform_random_random_controlled_bridge_safe_s025_b20,B0_uniform_random,random_controlled_bridge_safe,25,20,unit_0032,32,320.0,330.0,0.4703769505869776,-1,0.4703769505869776,121,False,,"{""score_fusion_geometry_motion"":0.3370269981755229,""score_fusion_yolo_motion"":0.4703769505869776,""score_motion"":0.8095212467689101,""score_yolo_count"":0.1111111111111111,""score_yolo_geometry"":0.0640575396422971}"
cbbv1_c2e246d1504d9d8a80b2,controlled_track_B0_uniform_random_random_controlled_bridge_safe_s025_b20,B0_uniform_random,random_controlled_bridge_safe,25,20,unit_0145,145,1450.0,1460.0,0.4700907758779932,-1,0.4700907758779932,122,False,,"{""score_fusion_geometry_motion"":0.2466696219543429,""score_fusion_yolo_motion"":0.4700907758779932,""score_motion"":0.6946998319075967,""score_yolo_count"":0.2222222222222222,""score_yolo_geometry"":0.0124102476935803}"
cbbv1_c2e246d1504d9d8a80b2,controlled_track_B0_uniform_random_random_controlled_bridge_safe_s025_b20,B0_uniform_random,random_controlled_bridge_safe,25,20,unit_0216,216,2160.0,2170.0,0.468350451519808,-1,0.468350451519808,123,False,,"{""score_fusion_geometry_motion"":0.4019055297741784,""score_fusion_yolo_motion"":0.468350451519808,""score_motion"":0.6919573038050093,""score_yolo_count"":0.2222222222222222,""score_yolo_geometry"":0.1958704185072278}"
cbbv1_c2e246d1504d9d8a80b2,controlled_track_B0_uniform_random_random_controlled_bridge_safe_s025_b20,B0_uniform_random,random_controlled_bridge_safe,25,20,unit_0167,167,1670.0,1680.0,0.4682096032744106,-1,0.4682096032744106,124,False,,"{""score_fusion_geometry_motion"":0.2328047558311947,""score_fusion_yolo_motion"":0.4682096032744106,""score_motion"":0.4629944646177733,""score_yolo_count"":0.4444444444444445,""score_yolo_geometry"":0.1058821714577477}"
cbbv1_c2e246d1504d9d8a80b2,controlled_track_B0_uniform_random_random_controlled_bridge_safe_s025_b20,B0_uniform_random,random_controlled_bridge_safe,25,20,unit_0142,142,1420.0,1430.0,0.4676664777741083,-1,0.4676664777741083,125,False,,"{""score_fusion_geometry_motion"":0.320842201896123,""score_fusion_yolo_motion"":0.4676664777741083,""score_motion"":0.3477681282469394,""score_yolo_count"":0.5555555555555557,""score_yolo_geometry"":0.2637636776193985}"
cbbv1_c2e246d1504d9d8a80b2,controlled_track_B0_uniform_random_random_controlled_bridge_safe_s025_b20,B0_uniform_random,random_controlled_bridge_safe,25,20,unit_0290,290,2900.0,2910.0,0.465438487340248,-1,0.465438487340248,126,False,,"{""score_fusion_geometry_motion"":0.2071867901191244,""score_fusion_yolo_motion"":0.465438487340248,""score_motion"":0.5729979813285656,""score_yolo_count"":0.3333333333333333,""score_yolo_geometry"":0.0237203306956077}"
cbbv1_c2e246d1504d9d8a80b2,controlled_track_B0_uniform_random_random_controlled_bridge_safe_s025_b20,B0_uniform_random,random_controlled_bridge_safe,25,20,unit_0291,291,2910.0,2920.0,0.4636490951878952,-1,0.4636490951878952,127,False,,"{""score_fusion_geometry_motion"":0.214089552351622,""score_fusion_yolo_motion"":0.4636490951878952,""score_motion"":0.5129929085703643,""score_yolo_count"":0.3888888888888889,""score_yolo_geometry"":0.0602403076834277}"
cbbv1_c2e246d1504d9d8a80b2,controlled_track_B0_uniform_random_random_controlled_bridge_safe_s025_b20,B0_uniform_random,random_controlled_bridge_safe,25,20,unit_0283,283,2830.0,2840.0,0.4625110307419411,-1,0.4625110307419411,128,False,,"{""score_fusion_geometry_motion"":0.232935362729745,""score_fusion_yolo_motion"":0.4625110307419411,""score_motion"":0.6255699050915834,""score_yolo_count"":0.2777777777777778,""score_yolo_geometry"":0.0290355222103917}"
cbbv1_c2e246d1504d9d8a80b2,controlled_track_B0_uniform_random_random_controlled_bridge_safe_s025_b20,B0_uniform_random,random_controlled_bridge_safe,25,20,unit_0300,300,3000.0,3010.0,0.4618420195731534,-1,0.4618420195731534,129,False,,"{""score_fusion_geometry_motion"":0.1940442366217527,""score_fusion_yolo_motion"":0.4618420195731534,""score_motion"":0.5101451890440469,""score_yolo_count"":0.3888888888888889,""score_yolo_geometry"":0.0380669286674797}"
cbbv1_c2e246d1504d9d8a80b2,controlled_track_B0_uniform_random_random_controlled_bridge_safe_s025_b20,B0_uniform_random,random_controlled_bridge_safe,25,20,unit_0148,148,1480.0,1490.0,0.4606376441005996,-1,0.4606376441005996,130,False,,"{""score_fusion_geometry_motion"":0.3656718671869515,""score_fusion_yolo_motion"":0.4606376441005996,""score_motion"":0.508247247683857,""score_yolo_count"":0.3888888888888889,""score_yolo_geometry"":0.2403619129441771}"
cbbv1_c2e246d1504d9d8a80b2,controlled_track_B0_uniform_random_random_controlled_bridge_safe_s025_b20,B0_uniform_random,random_controlled_bridge_safe,25,20,unit_0064,64,640.0,650.0,0.457768493917629,-1,0.457768493917629,131,True,16,"{""score_fusion_geometry_motion"":0.3164343891823682,""score_fusion_yolo_motion"":0.457768493917629,""score_motion"":0.675281495087015,""score_yolo_count"":0.2222222222222222,""score_yolo_geometry"":0.1034725860274952}"
cbbv1_c2e246d1504d9d8a80b2,controlled_track_B0_uniform_random_random_controlled_bridge_safe_s025_b20,B0_uniform_random,random_controlled_bridge_safe,25,20,unit_0051,51,510.0,520.0,0.4576929778313021,-1,0.4576929778313021,132,False,,"{""score_fusion_geometry_motion"":0.3097243306432506,""score_fusion_yolo_motion"":0.4576929778313021,""score_motion"":0.7323477115169287,""score_yolo_count"":0.1666666666666666,""score_yolo_geometry"":0.0685706547071341}"
cbbv1_c2e246d1504d9d8a80b2,controlled_track_B0_uniform_random_random_controlled_bridge_safe_s025_b20,B0_uniform_random,random_controlled_bridge_safe,25,20,unit_0003,3,30.0,40.0,0.4557729637179859,-1,0.4557729637179859,133,True,3,"{""score_fusion_geometry_motion"":0.2481118415767807,""score_fusion_yolo_motion"":0.4557729637179859,""score_motion"":0.672136795292208,""score_yolo_count"":0.2222222222222222,""score_yolo_geometry"":0.024789051582176}"
cbbv1_c2e246d1504d9d8a80b2,controlled_track_B0_uniform_random_random_controlled_bridge_safe_s025_b20,B0_uniform_random,random_controlled_bridge_safe,25,20,unit_0298,298,2980.0,2990.0,0.4547275696341157,-1,0.4547275696341157,134,False,,"{""score_fusion_geometry_motion"":0.1968980153152383,""score_fusion_yolo_motion"":0.4547275696341157,""score_motion"":0.556118948017672,""score_yolo_count"":0.3333333333333333,""score_yolo_geometry"":0.0196413345027887}"
cbbv1_c2e246d1504d9d8a80b2,controlled_track_B0_uniform_random_random_controlled_bridge_safe_s025_b20,B0_uniform_random,random_controlled_bridge_safe,25,20,unit_0259,259,2590.0,2600.0,0.453466075811837,-1,0.453466075811837,135,False,,"{""score_fusion_geometry_motion"":0.323111339042986,""score_fusion_yolo_motion"":0.453466075811837,""score_motion"":0.3253901150527922,""score_yolo_count"":0.5555555555555557,""score_yolo_geometry"":0.2770251942309527}"
cbbv1_c2e246d1504d9d8a80b2,controlled_track_B0_uniform_random_random_controlled_bridge_safe_s025_b20,B0_uniform_random,random_controlled_bridge_safe,25,20,unit_0133,133,1330.0,1340.0,0.4512206541260518,-1,0.4512206541260518,136,False,,"{""score_fusion_geometry_motion"":0.2898109933478885,""score_fusion_yolo_motion"":0.4512206541260518,""score_motion"":0.7221481590213235,""score_yolo_count"":0.1666666666666666,""score_yolo_geometry"":0.0500341626630118}"
cbbv1_c2e246d1504d9d8a80b2,controlled_track_B0_uniform_random_random_controlled_bridge_safe_s025_b20,B0_uniform_random,random_controlled_bridge_safe,25,20,unit_0175,175,1750.0,1760.0,0.4503323426781558,-1,0.4503323426781558,137,True,5,"{""score_fusion_geometry_motion"":0.1864275753574852,""score_fusion_yolo_motion"":0.4503323426781558,""score_motion"":0.4348221935397361,""score_yolo_count"":0.4444444444444445,""score_yolo_geometry"":0.0648040818284503}"
cbbv1_c2e246d1504d9d8a80b2,controlled_track_B0_uniform_random_random_controlled_bridge_safe_s025_b20,B0_uniform_random,random_controlled_bridge_safe,25,20,unit_0266,266,2660.0,2670.0,0.4496664518891295,-1,0.4496664518891295,138,False,,"{""score_fusion_geometry_motion"":0.2148672993839417,""score_fusion_yolo_motion"":0.4496664518891295,""score_motion"":0.4909580551162029,""score_yolo_count"":0.3888888888888889,""score_yolo_geometry"":0.0715892265252288}"
cbbv1_c2e246d1504d9d8a80b2,controlled_track_B0_uniform_random_random_controlled_bridge_safe_s025_b20,B0_uniform_random,random_controlled_bridge_safe,25,20,unit_0074,74,740.0,750.0,0.4484858103422857,-1,0.4484858103422857,139,False,,"{""score_fusion_geometry_motion"":0.1819648313750552,""score_fusion_yolo_motion"":0.4484858103422857,""score_motion"":0.374727075176906,""score_yolo_count"":0.5000000000000001,""score_yolo_geometry"":0.088029878139936}"
cbbv1_c2e246d1504d9d8a80b2,controlled_track_B0_uniform_random_random_controlled_bridge_safe_s025_b20,B0_uniform_random,random_controlled_bridge_safe,25,20,unit_0149,149,1490.0,1500.0,0.4475321165487066,-1,0.4475321165487066,140,False,,"{""score_fusion_geometry_motion"":0.2945313613429853,""score_fusion_yolo_motion"":0.4475321165487066,""score_motion"":0.544779836314288,""score_yolo_count"":0.3333333333333333,""score_yolo_geometry"":0.13957946732697}"
cbbv1_c2e246d1504d9d8a80b2,controlled_track_B0_uniform_random_random_controlled_bridge_safe_s025_b20,B0_uniform_random,random_controlled_bridge_safe,25,20,unit_0241,241,2410.0,2420.0,0.4457131586563454,-1,0.4457131586563454,141,False,,"{""score_fusion_geometry_motion"":0.2099399350980615,""score_fusion_yolo_motion"":0.4457131586563454,""score_motion"":0.5419133918415889,""score_yolo_count"":0.3333333333333333,""score_yolo_geometry"":0.0416734636897438}"
cbbv1_c2e246d1504d9d8a80b2,controlled_track_B0_uniform_random_random_controlled_bridge_safe_s025_b20,B0_uniform_random,random_controlled_bridge_safe,25,20,unit_0093,93,930.0,940.0,0.4456075753409951,-1,0.4456075753409951,142,False,,"{""score_fusion_geometry_motion"":0.3004809284696587,""score_fusion_yolo_motion"":0.4456075753409951,""score_motion"":0.5417470060709418,""score_yolo_count"":0.3333333333333333,""score_yolo_geometry"":0.1479974003535124}"
cbbv1_c2e246d1504d9d8a80b2,controlled_track_B0_uniform_random_random_controlled_bridge_safe_s025_b20,B0_uniform_random,random_controlled_bridge_safe,25,20,unit_0345,345,3450.0,3460.0,0.4455163765397189,-1,0.4455163765397189,143,False,,"{""score_fusion_geometry_motion"":0.39775178544752,""score_fusion_yolo_motion"":0.4455163765397189,""score_motion"":0.370047628145087,""score_yolo_count"":0.5000000000000001,""score_yolo_geometry"":0.3434609173240463}"
cbbv1_c2e246d1504d9d8a80b2,controlled_track_B0_uniform_random_random_controlled_bridge_safe_s025_b20,B0_uniform_random,random_controlled_bridge_safe,25,20,unit_0223,223,2230.0,2240.0,0.4454556473936631,-1,0.4454556473936631,144,False,,"{""score_fusion_geometry_motion"":0.3049276428270871,""score_fusion_yolo_motion"":0.4454556473936631,""score_motion"":0.8274336876101918,""score_yolo_count"":0.0555555555555555,""score_yolo_geometry"":0.0179068281606007}"
cbbv1_c2e246d1504d9d8a80b2,controlled_track_B0_uniform_random_random_controlled_bridge_safe_s025_b20,B0_uniform_random,random_controlled_bridge_safe,25,20,unit_0098,98,980.0,990.0,0.4441899500526543,-1,0.4441899500526543,145,False,,"{""score_fusion_geometry_motion"":0.3746721336615933,""score_fusion_yolo_motion"":0.4441899500526543,""score_motion"":0.3107721299294785,""score_yolo_count"":0.5555555555555557,""score_yolo_geometry"":0.344452550415446}"
cbbv1_c2e246d1504d9d8a80b2,controlled_track_B0_uniform_random_random_controlled_bridge_safe_s025_b20,B0_uniform_random,random_controlled_bridge_safe,25,20,unit_0156,156,1560.0,1570.0,0.442890592932968,-1,0.442890592932968,146,False,,"{""score_fusion_geometry_motion"":0.2120810304074464,""score_fusion_yolo_motion"":0.442890592932968,""score_motion"":0.594650610177912,""score_yolo_count"":0.2777777777777778,""score_yolo_geometry"":0.0192082244625194}"
cbbv1_c2e246d1504d9d8a80b2,controlled_track_B0_uniform_random_random_controlled_bridge_safe_s025_b20,B0_uniform_random,random_controlled_bridge_safe,25,20,unit_0169,169,1690.0,1700.0,0.4428201732081374,-1,0.4428201732081374,147,False,,"{""score_fusion_geometry_motion"":0.2721634753109862,""score_fusion_yolo_motion"":0.4428201732081374,""score_motion"":0.6517248578202597,""score_yolo_count"":0.2222222222222222,""score_yolo_geometry"":0.0626800074942396}"
cbbv1_c2e246d1504d9d8a80b2,controlled_track_B0_uniform_random_random_controlled_bridge_safe_s025_b20,B0_uniform_random,random_controlled_bridge_safe,25,20,unit_0232,232,2320.0,2330.0,0.441004982191665,-1,0.441004982191665,148,False,,"{""score_fusion_geometry_motion"":0.2564497383552071,""score_fusion_yolo_motion"":0.441004982191665,""score_motion"":0.648864349461099,""score_yolo_count"":0.2222222222222222,""score_yolo_geometry"":0.0455955673058903}"
cbbv1_c2e246d1504d9d8a80b2,controlled_track_B0_uniform_random_random_controlled_bridge_safe_s025_b20,B0_uniform_random,random_controlled_bridge_safe,25,20,unit_0235,235,2350.0,2360.0,0.4403580059430203,-1,0.4403580059430203,149,False,,"{""score_fusion_geometry_motion"":0.2153366025257954,""score_fusion_yolo_motion"":0.4403580059430203,""score_motion"":0.5906595777249609,""score_yolo_count"":0.2777777777777778,""score_yolo_geometry"":0.024918724104865}"
cbbv1_c2e246d1504d9d8a80b2,controlled_track_B0_uniform_random_random_controlled_bridge_safe_s025_b20,B0_uniform_random,random_controlled_bridge_safe,25,20,unit_0200,200,2000.0,2010.0,0.4394917906743257,-1,0.4394917906743257,150,False,,"{""score_fusion_geometry_motion"":0.2560599733372608,""score_fusion_yolo_motion"":0.4394917906743257,""score_motion"":0.5892945334985144,""score_yolo_count"":0.2777777777777778,""score_yolo_geometry"":0.0733519952135718}"
cbbv1_c2e246d1504d9d8a80b2,controlled_track_B0_uniform_random_random_controlled_bridge_safe_s025_b20,B0_uniform_random,random_controlled_bridge_safe,25,20,unit_0195,195,1950.0,1960.0,0.4381614588232884,-1,0.4381614588232884,151,False,,"{""score_fusion_geometry_motion"":0.2058096861195993,""score_fusion_yolo_motion"":0.4381614588232884,""score_motion"":0.5300128809298992,""score_yolo_count"":0.3333333333333333,""score_yolo_geometry"":0.0424632200119998}"
cbbv1_c2e246d1504d9d8a80b2,controlled_track_B0_uniform_random_random_controlled_bridge_safe_s025_b20,B0_uniform_random,random_controlled_bridge_safe,25,20,unit_0136,136,1360.0,1370.0,0.4380346591334474,-1,0.4380346591334474,152,False,,"{""score_fusion_geometry_motion"":0.2615698605799368,""score_fusion_yolo_motion"":0.4380346591334474,""score_motion"":0.5298130608727054,""score_yolo_count"":0.3333333333333333,""score_yolo_geometry"":0.1079895155805364}"
cbbv1_c2e246d1504d9d8a80b2,controlled_track_B0_uniform_random_random_controlled_bridge_safe_s025_b20,B0_uniform_random,random_controlled_bridge_safe,25,20,unit_0289,289,2890.0,2900.0,0.4353817230664677,-1,0.4353817230664677,153,False,,"{""score_fusion_geometry_motion"":0.134613551883849,""score_fusion_yolo_motion"":0.4353817230664677,""score_motion"":0.4112619334978072,""score_yolo_count"":0.4444444444444445,""score_yolo_geometry"":0.0151617735499795}"
cbbv1_c2e246d1504d9d8a80b2,controlled_track_B0_uniform_random_random_controlled_bridge_safe_s025_b20,B0_uniform_random,random_controlled_bridge_safe,25,20,unit_0197,197,1970.0,1980.0,0.4352570867226517,-1,0.4352570867226517,154,False,,"{""score_fusion_geometry_motion"":0.2284326756483448,""score_fusion_yolo_motion"":0.4352570867226517,""score_motion"":0.5254359628002967,""score_yolo_count"":0.3333333333333333,""score_yolo_geometry"":0.0711778640867868}"
cbbv1_c2e246d1504d9d8a80b2,controlled_track_B0_uniform_random_random_controlled_bridge_safe_s025_b20,B0_uniform_random,random_controlled_bridge_safe,25,20,unit_0222,222,2220.0,2230.0,0.435256483238906,-1,0.435256483238906,155,False,,"{""score_fusion_geometry_motion"":0.2832156144732025,""score_fusion_yolo_motion"":0.435256483238906,""score_motion"":0.7541758921945911,""score_yolo_count"":0.1111111111111111,""score_yolo_geometry"":0.0271256715413541}"
cbbv1_c2e246d1504d9d8a80b2,controlled_track_B0_uniform_random_random_controlled_bridge_safe_s025_b20,B0_uniform_random,random_controlled_bridge_safe,25,20,unit_0181,181,1810.0,1820.0,0.4330721048239019,-1,0.4330721048239019,156,False,,"{""score_fusion_geometry_motion"":0.2085958948697639,""score_fusion_yolo_motion"":0.4330721048239019,""score_motion"":0.5219927114128287,""score_yolo_count"":0.3333333333333333,""score_yolo_geometry"":0.0495312491616268}"
cbbv1_c2e246d1504d9d8a80b2,controlled_track_B0_uniform_random_random_controlled_bridge_safe_s025_b20,B0_uniform_random,random_controlled_bridge_safe,25,20,unit_0258,258,2580.0,2590.0,0.4306585869567877,-1,0.4306585869567877,157,False,,"{""score_fusion_geometry_motion"":0.1640689093791095,""score_fusion_yolo_motion"":0.4306585869567877,""score_motion"":0.4038188764307616,""score_yolo_count"":0.4444444444444445,""score_yolo_geometry"":0.0532513220906846}"
cbbv1_c2e246d1504d9d8a80b2,controlled_track_B0_uniform_random_random_controlled_bridge_safe_s025_b20,B0_uniform_random,random_controlled_bridge_safe,25,20,unit_0221,221,2210.0,2220.0,0.4299643396719535,-1,0.4299643396719535,158,False,,"{""score_fusion_geometry_motion"":0.2625377749429092,""score_fusion_yolo_motion"":0.4299643396719535,""score_motion"":0.6886509322120713,""score_yolo_count"":0.1666666666666666,""score_yolo_geometry"":0.0338956118219924}"
cbbv1_c2e246d1504d9d8a80b2,controlled_track_B0_uniform_random_random_controlled_bridge_safe_s025_b20,B0_uniform_random,random_controlled_bridge_safe,25,20,unit_0030,30,300.0,310.0,0.4296656456401627,-1,0.4296656456401627,159,False,,"{""score_fusion_geometry_motion"":0.2586458411759073,""score_fusion_yolo_motion"":0.4296656456401627,""score_motion"":0.5738097885028216,""score_yolo_count"":0.2777777777777778,""score_yolo_geometry"":0.08372034967185}"
cbbv1_c2e246d1504d9d8a80b2,controlled_track_B0_uniform_random_random_controlled_bridge_safe_s025_b20,B0_uniform_random,random_controlled_bridge_safe,25,20,unit_0224,224,2240.0,2250.0,0.4292136540949629,-1,0.4292136540949629,160,False,,"{""score_fusion_geometry_motion"":0.3203571396370026,""score_fusion_yolo_motion"":0.4292136540949629,""score_motion"":0.8018383881740745,""score_yolo_count"":0.0555555555555555,""score_yolo_geometry"":0.0481351297486796}"
cbbv1_c2e246d1504d9d8a80b2,controlled_track_B0_uniform_random_random_controlled_bridge_safe_s025_b20,B0_uniform_random,random_controlled_bridge_safe,25,20,unit_0296,296,2960.0,2970.0,0.4267510348722396,-1,0.4267510348722396,161,False,,"{""score_fusion_geometry_motion"":0.1532099686050431,""score_fusion_yolo_motion"":0.4267510348722396,""score_motion"":0.3976610752405445,""score_yolo_count"":0.4444444444444445,""score_yolo_geometry"":0.0434254146233814}"
cbbv1_c2e246d1504d9d8a80b2,controlled_track_B0_uniform_random_random_controlled_bridge_safe_s025_b20,B0_uniform_random,random_controlled_bridge_safe,25,20,unit_0146,146,1460.0,1470.0,0.4244959131567399,-1,0.4244959131567399,162,False,,"{""score_fusion_geometry_motion"":0.2273426912620323,""score_fusion_yolo_motion"":0.4244959131567399,""score_motion"":0.5656629527983384,""score_yolo_count"":0.2777777777777778,""score_yolo_geometry"":0.0508462872779389}"
cbbv1_c2e246d1504d9d8a80b2,controlled_track_B0_uniform_random_random_controlled_bridge_safe_s025_b20,B0_uniform_random,random_controlled_bridge_safe,25,20,unit_0203,203,2030.0,2040.0,0.4239318205604984,-1,0.4239318205604984,163,False,,"{""score_fusion_geometry_motion"":0.2327124605117872,""score_fusion_yolo_motion"":0.4239318205604984,""score_motion"":0.4504035749720008,""score_yolo_count"":0.3888888888888889,""score_yolo_geometry"":0.1117372368569901}"
cbbv1_c2e246d1504d9d8a80b2,controlled_track_B0_uniform_random_random_controlled_bridge_safe_s025_b20,B0_uniform_random,random_controlled_bridge_safe,25,20,unit_0134,134,1340.0,1350.0,0.4229332536957451,-1,0.4229332536957451,164,True,14,"{""score_fusion_geometry_motion"":0.1794291664215701,""score_fusion_yolo_motion"":0.4229332536957451,""score_motion"":0.50601518169767,""score_yolo_count"":0.3333333333333333,""score_yolo_geometry"":0.022872983966574}"
cbbv1_c2e246d1504d9d8a80b2,controlled_track_B0_uniform_random_random_controlled_bridge_safe_s025_b20,B0_uniform_random,random_controlled_bridge_safe,25,20,unit_0026,26,260.0,270.0,0.4219340220881877,-1,0.4219340220881877,165,False,,"{""score_fusion_geometry_motion"":0.3173651552073297,""score_fusion_yolo_motion"":0.4219340220881877,""score_motion"":0.5616257408738908,""score_yolo_count"":0.2777777777777778,""score_yolo_geometry"":0.1583950795263709}"
cbbv1_c2e246d1504d9d8a80b2,controlled_track_B0_uniform_random_random_controlled_bridge_safe_s025_b20,B0_uniform_random,random_controlled_bridge_safe,25,20,unit_0328,328,3280.0,3290.0,0.421827826493355,-1,0.421827826493355,166,False,,"{""score_fusion_geometry_motion"":0.2968834335480061,""score_fusion_yolo_motion"":0.421827826493355,""score_motion"":0.447087950025606,""score_yolo_count"":0.3888888888888889,""score_yolo_geometry"":0.1886088910783372}"
cbbv1_c2e246d1504d9d8a80b2,controlled_track_B0_uniform_random_random_controlled_bridge_safe_s025_b20,B0_uniform_random,random_controlled_bridge_safe,25,20,unit_0196,196,1960.0,1970.0,0.4217012236187442,-1,0.4217012236187442,167,False,,"{""score_fusion_geometry_motion"":0.2979655152525692,""score_fusion_yolo_motion"":0.4217012236187442,""score_motion"":0.5612588803276454,""score_yolo_count"":0.2777777777777778,""score_yolo_geometry"":0.1358043687325455}"
cbbv1_c2e246d1504d9d8a80b2,controlled_track_B0_uniform_random_random_controlled_bridge_safe_s025_b20,B0_uniform_random,random_controlled_bridge_safe,25,20,unit_0034,34,340.0,350.0,0.421116745576517,-1,0.421116745576517,168,True,9,"{""score_fusion_geometry_motion"":0.1623157608023057,""score_fusion_yolo_motion"":0.421116745576517,""score_motion"":0.4459673776515714,""score_yolo_count"":0.3888888888888889,""score_yolo_geometry"":0.0312314795709978}"
cbbv1_c2e246d1504d9d8a80b2,controlled_track_B0_uniform_random_random_controlled_bridge_safe_s025_b20,B0_uniform_random,random_controlled_bridge_safe,25,20,unit_0057,57,570.0,580.0,0.4194941543365296,-1,0.4194941543365296,169,False,,"{""score_fusion_geometry_motion"":0.3422790401493798,""score_fusion_yolo_motion"":0.4194941543365296,""score_motion"":0.6149660421569688,""score_yolo_count"":0.2222222222222222,""score_yolo_geometry"":0.1623668852546096}"
cbbv1_c2e246d1504d9d8a80b2,controlled_track_B0_uniform_random_random_controlled_bridge_safe_s025_b20,B0_uniform_random,random_controlled_bridge_safe,25,20,unit_0020,20,200.0,210.0,0.418091778052209,-1,0.418091778052209,170,False,,"{""score_fusion_geometry_motion"":0.1681563427203949,""score_fusion_yolo_motion"":0.418091778052209,""score_motion"":0.4412004165929562,""score_yolo_count"":0.3888888888888889,""score_yolo_geometry"":0.0403428530926402}"
cbbv1_c2e246d1504d9d8a80b2,controlled_track_B0_uniform_random_random_controlled_bridge_safe_s025_b20,B0_uniform_random,random_controlled_bridge_safe,25,20,unit_0188,188,1880.0,1890.0,0.4178416343556031,-1,0.4178416343556031,171,False,,"{""score_fusion_geometry_motion"":0.2514694790778503,""score_fusion_yolo_motion"":0.4178416343556031,""score_motion"":0.7267323227012739,""score_yolo_count"":0.1111111111111111,""score_yolo_geometry"":0.002871218180592}"
cbbv1_c2e246d1504d9d8a80b2,controlled_track_B0_uniform_random_random_controlled_bridge_safe_s025_b20,B0_uniform_random,random_controlled_bridge_safe,25,20,unit_0000,0,0.0,10.0,0.4178243116174363,-1,0.4178243116174363,172,False,,"{""score_fusion_geometry_motion"":0.1632514726393148,""score_fusion_yolo_motion"":0.4178243116174363,""score_motion"":0.2692232634718241,""score_yolo_count"":0.5555555555555557,""score_yolo_geometry"":0.116040046472169}"
cbbv1_c2e246d1504d9d8a80b2,controlled_track_B0_uniform_random_random_controlled_bridge_safe_s025_b20,B0_uniform_random,random_controlled_bridge_safe,25,20,unit_0162,162,1620.0,1630.0,0.4175427617552591,-1,0.4175427617552591,173,False,,"{""score_fusion_geometry_motion"":0.2713684869741701,""score_fusion_yolo_motion"":0.4175427617552591,""score_motion"":0.6690761176927043,""score_yolo_count"":0.1666666666666666,""score_yolo_geometry"":0.0535291272513455}"
cbbv1_c2e246d1504d9d8a80b2,controlled_track_B0_uniform_random_random_controlled_bridge_safe_s025_b20,B0_uniform_random,random_controlled_bridge_safe,25,20,unit_0143,143,1430.0,1440.0,0.4160161893570795,-1,0.4160161893570795,174,False,,"{""score_fusion_geometry_motion"":0.2272420457843386,""score_fusion_yolo_motion"":0.4160161893570795,""score_motion"":0.4951147749735025,""score_yolo_count"":0.3333333333333333,""score_yolo_geometry"":0.0841416163954537}"
cbbv1_c2e246d1504d9d8a80b2,controlled_track_B0_uniform_random_random_controlled_bridge_safe_s025_b20,B0_uniform_random,random_controlled_bridge_safe,25,20,unit_0068,68,680.0,690.0,0.4155427722393066,-1,0.4155427722393066,175,False,,"{""score_fusion_geometry_motion"":0.5033415239168996,""score_fusion_yolo_motion"":0.4155427722393066,""score_motion"":0.6659243905870172,""score_yolo_count"":0.1666666666666666,""score_yolo_geometry"":0.327230122789331}"
cbbv1_c2e246d1504d9d8a80b2,controlled_track_B0_uniform_random_random_controlled_bridge_safe_s025_b20,B0_uniform_random,random_controlled_bridge_safe,25,20,unit_0229,229,2290.0,2300.0,0.4149414999903412,-1,0.4149414999903412,176,False,,"{""score_fusion_geometry_motion"":0.3752161136848794,""score_fusion_yolo_motion"":0.4149414999903412,""score_motion"":0.722162082699402,""score_yolo_count"":0.1111111111111111,""score_yolo_geometry"":0.1502460210736323}"
cbbv1_c2e246d1504d9d8a80b2,controlled_track_B0_uniform_random_random_controlled_bridge_safe_s025_b20,B0_uniform_random,random_controlled_bridge_safe,25,20,unit_0282,282,2820.0,2830.0,0.4128499180426526,-1,0.4128499180426526,177,False,,"{""score_fusion_geometry_motion"":0.1841912993660973,""score_fusion_yolo_motion"":0.4128499180426526,""score_motion"":0.3185694769493945,""score_yolo_count"":0.5000000000000001,""score_yolo_geometry"":0.1172402049187314}"
cbbv1_c2e246d1504d9d8a80b2,controlled_track_B0_uniform_random_random_controlled_bridge_safe_s025_b20,B0_uniform_random,random_controlled_bridge_safe,25,20,unit_0166,166,1660.0,1670.0,0.4120827429327089,-1,0.4120827429327089,178,False,,"{""score_fusion_geometry_motion"":0.2222399410116723,""score_fusion_yolo_motion"":0.4120827429327089,""score_motion"":0.603286607826687,""score_yolo_count"":0.2222222222222222,""score_yolo_geometry"":0.0270389454713852}"
cbbv1_c2e246d1504d9d8a80b2,controlled_track_B0_uniform_random_random_controlled_bridge_safe_s025_b20,B0_uniform_random,random_controlled_bridge_safe,25,20,unit_0198,198,1980.0,1990.0,0.4120783790921025,-1,0.4120783790921025,179,False,,"{""score_fusion_geometry_motion"":0.4364265645450602,""score_fusion_yolo_motion"":0.4120783790921025,""score_motion"":0.5460945108714464,""score_yolo_count"":0.2777777777777778,""score_yolo_geometry"":0.3054634217526269}"
cbbv1_c2e246d1504d9d8a80b2,controlled_track_B0_uniform_random_random_controlled_bridge_safe_s025_b20,B0_uniform_random,random_controlled_bridge_safe,25,20,unit_0218,218,2180.0,2190.0,0.4116179091442408,-1,0.4116179091442408,180,False,,"{""score_fusion_geometry_motion"":0.2997631211264012,""score_fusion_yolo_motion"":0.4116179091442408,""score_motion"":0.6597393094632606,""score_yolo_count"":0.1666666666666666,""score_yolo_geometry"":0.091270901541181}"
cbbv1_c2e246d1504d9d8a80b2,controlled_track_B0_uniform_random_random_controlled_bridge_safe_s025_b20,B0_uniform_random,random_controlled_bridge_safe,25,20,unit_0337,337,3370.0,3380.0,0.4096585921126448,-1,0.4096585921126448,181,False,,"{""score_fusion_geometry_motion"":0.2061194378927716,""score_fusion_yolo_motion"":0.4096585921126448,""score_motion"":0.5994664568774303,""score_yolo_count"":0.2222222222222222,""score_yolo_geometry"":0.009931697822315}"
cbbv1_c2e246d1504d9d8a80b2,controlled_track_B0_uniform_random_random_controlled_bridge_safe_s025_b20,B0_uniform_random,random_controlled_bridge_safe,25,20,unit_0202,202,2020.0,2030.0,0.4084844223571989,-1,0.4084844223571989,182,False,,"{""score_fusion_geometry_motion"":0.2564469490115217,""score_fusion_yolo_motion"":0.4084844223571989,""score_motion"":0.6548013359572702,""score_yolo_count"":0.1666666666666666,""score_yolo_geometry"":0.0427803846680518}"
cbbv1_c2e246d1504d9d8a80b2,controlled_track_B0_uniform_random_random_controlled_bridge_safe_s025_b20,B0_uniform_random,random_controlled_bridge_safe,25,20,unit_0277,277,2770.0,2780.0,0.4080007176959337,-1,0.4080007176959337,183,False,,"{""score_fusion_geometry_motion"":0.1872281679246499,""score_fusion_yolo_motion"":0.4080007176959337,""score_motion"":0.3681129789063261,""score_yolo_count"":0.4444444444444445,""score_yolo_geometry"":0.0973387350772027}"
cbbv1_c2e246d1504d9d8a80b2,controlled_track_B0_uniform_random_random_controlled_bridge_safe_s025_b20,B0_uniform_random,random_controlled_bridge_safe,25,20,unit_0023,23,230.0,240.0,0.4078846953109514,-1,0.4078846953109514,184,False,,"{""score_fusion_geometry_motion"":0.2737025475994645,""score_fusion_yolo_motion"":0.4078846953109514,""score_motion"":0.4823005827037454,""score_yolo_count"":0.3333333333333333,""score_yolo_geometry"":0.14472972237943}"
cbbv1_c2e246d1504d9d8a80b2,controlled_track_B0_uniform_random_random_controlled_bridge_safe_s025_b20,B0_uniform_random,random_controlled_bridge_safe,25,20,unit_0210,210,2100.0,2110.0,0.4068984633366266,-1,0.4068984633366266,185,False,,"{""score_fusion_geometry_motion"":0.2369086413324336,""score_fusion_yolo_motion"":0.4068984633366266,""score_motion"":0.3663759673300754,""score_yolo_count"":0.4444444444444445,""score_yolo_geometry"":0.1564588720822592}"
cbbv1_c2e246d1504d9d8a80b2,controlled_track_B0_uniform_random_random_controlled_bridge_safe_s025_b20,B0_uniform_random,random_controlled_bridge_safe,25,20,unit_0341,341,3410.0,3420.0,0.4041321267073232,-1,0.4041321267073232,186,False,,"{""score_fusion_geometry_motion"":0.3691388984913778,""score_fusion_yolo_motion"":0.4041321267073232,""score_motion"":0.5335722357145134,""score_yolo_count"":0.2777777777777778,""score_yolo_geometry"":0.2324357276759167}"
cbbv1_c2e246d1504d9d8a80b2,controlled_track_B0_uniform_random_random_controlled_bridge_safe_s025_b20,B0_uniform_random,random_controlled_bridge_safe,25,20,unit_0201,201,2010.0,2020.0,0.4022025321504966,-1,0.4022025321504966,187,False,,"{""score_fusion_geometry_motion"":0.2494333385666287,""score_fusion_yolo_motion"":0.4022025321504966,""score_motion"":0.5877166621425624,""score_yolo_count"":0.2222222222222222,""score_yolo_geometry"":0.0663233054830822}"
cbbv1_c2e246d1504d9d8a80b2,controlled_track_B0_uniform_random_random_controlled_bridge_safe_s025_b20,B0_uniform_random,random_controlled_bridge_safe,25,20,unit_0334,334,3340.0,3350.0,0.4017103301846896,-1,0.4017103301846896,188,False,,"{""score_fusion_geometry_motion"":0.2188404012544136,""score_fusion_yolo_motion"":0.4017103301846896,""score_motion"":0.5297557948362183,""score_yolo_count"":0.2777777777777778,""score_yolo_geometry"":0.0578758469794224}"
cbbv1_c2e246d1504d9d8a80b2,controlled_track_B0_uniform_random_random_controlled_bridge_safe_s025_b20,B0_uniform_random,random_controlled_bridge_safe,25,20,unit_0233,233,2330.0,2340.0,0.4014721459947291,-1,0.4014721459947291,189,False,,"{""score_fusion_geometry_motion"":0.3412100231278774,""score_fusion_yolo_motion"":0.4014721459947291,""score_motion"":0.5865656671866439,""score_yolo_count"":0.2222222222222222,""score_yolo_geometry"":0.1745635975220892}"
cbbv1_c2e246d1504d9d8a80b2,controlled_track_B0_uniform_random_random_controlled_bridge_safe_s025_b20,B0_uniform_random,random_controlled_bridge_safe,25,20,unit_0138,138,1380.0,1390.0,0.4009831911691188,-1,0.4009831911691188,190,False,,"{""score_fusion_geometry_motion"":0.0806807036872542,""score_fusion_yolo_motion"":0.4009831911691188,""score_motion"":0.2426838164478618,""score_yolo_count"":0.5555555555555557,""score_yolo_geometry"":0.0317173215646479}"
cbbv1_c2e246d1504d9d8a80b2,controlled_track_B0_uniform_random_random_controlled_bridge_safe_s025_b20,B0_uniform_random,random_controlled_bridge_safe,25,20,unit_0144,144,1440.0,1450.0,0.4007187555022293,-1,0.4007187555022293,191,False,,"{""score_fusion_geometry_motion"":0.210644978580136,""score_fusion_yolo_motion"":0.4007187555022293,""score_motion"":0.5281932002430488,""score_yolo_count"":0.2777777777777778,""score_yolo_geometry"":0.0489990310219152}"
cbbv1_c2e246d1504d9d8a80b2,controlled_track_B0_uniform_random_random_controlled_bridge_safe_s025_b20,B0_uniform_random,random_controlled_bridge_safe,25,20,unit_0263,263,2630.0,2640.0,0.3977544552097158,-1,0.3977544552097158,192,False,,"{""score_fusion_geometry_motion"":0.1749031003350691,""score_fusion_yolo_motion"":0.3977544552097158,""score_motion"":0.3519661826595385,""score_yolo_count"":0.4444444444444445,""score_yolo_geometry"":0.0905234492315265}"
cbbv1_c2e246d1504d9d8a80b2,controlled_track_B0_uniform_random_random_controlled_bridge_safe_s025_b20,B0_uniform_random,random_controlled_bridge_safe,25,20,unit_0260,260,2600.0,2610.0,0.3970933961888701,-1,0.3970933961888701,193,False,,"{""score_fusion_geometry_motion"":0.1700367067264873,""score_fusion_yolo_motion"":0.3970933961888701,""score_motion"":0.350924438381461,""score_yolo_count"":0.4444444444444445,""score_yolo_geometry"":0.0853063870988165}"
cbbv1_c2e246d1504d9d8a80b2,controlled_track_B0_uniform_random_random_controlled_bridge_safe_s025_b20,B0_uniform_random,random_controlled_bridge_safe,25,20,unit_0066,66,660.0,670.0,0.3966904972035427,-1,0.3966904972035427,194,False,,"{""score_fusion_geometry_motion"":0.1791498882237074,""score_fusion_yolo_motion"":0.3966904972035427,""score_motion"":0.5218451815322444,""score_yolo_count"":0.2777777777777778,""score_yolo_geometry"":0.0150477705433083}"
cbbv1_c2e246d1504d9d8a80b2,controlled_track_B0_uniform_random_random_controlled_bridge_safe_s025_b20,B0_uniform_random,random_controlled_bridge_safe,25,20,unit_0285,285,2850.0,2860.0,0.3957504247736189,-1,0.3957504247736189,195,False,,"{""score_fusion_geometry_motion"":0.2781462284646706,""score_fusion_yolo_motion"":0.3957504247736189,""score_motion"":0.4631785277853544,""score_yolo_count"":0.3333333333333333,""score_yolo_geometry"":0.1590008470215355}"
cbbv1_c2e246d1504d9d8a80b2,controlled_track_B0_uniform_random_random_controlled_bridge_safe_s025_b20,B0_uniform_random,random_controlled_bridge_safe,25,20,unit_0001,1,10.0,20.0,0.393617929858759,-1,0.393617929858759,196,False,,"{""score_fusion_geometry_motion"":0.2181186302311203,""score_fusion_yolo_motion"":0.393617929858759,""score_motion"":0.4598179891563792,""score_yolo_count"":0.3333333333333333,""score_yolo_geometry"":0.0901532297290132}"
cbbv1_c2e246d1504d9d8a80b2,controlled_track_B0_uniform_random_random_controlled_bridge_safe_s025_b20,B0_uniform_random,random_controlled_bridge_safe,25,20,unit_0109,109,1090.0,1100.0,0.3919772061306891,-1,0.3919772061306891,197,False,,"{""score_fusion_geometry_motion"":0.1470006477789722,""score_fusion_yolo_motion"":0.3919772061306891,""score_motion"":0.4572324188794075,""score_yolo_count"":0.3333333333333333,""score_yolo_geometry"":0.0079245802136021}"
cbbv1_c2e246d1504d9d8a80b2,controlled_track_B0_uniform_random_random_controlled_bridge_safe_s025_b20,B0_uniform_random,random_controlled_bridge_safe,25,20,unit_0095,95,950.0,960.0,0.3912941923506381,-1,0.3912941923506381,198,False,,"{""score_fusion_geometry_motion"":0.1930077533164722,""score_fusion_yolo_motion"":0.3912941923506381,""score_motion"":0.2846004164096349,""score_yolo_count"":0.5000000000000001,""score_yolo_geometry"":0.1436744743321197}"
cbbv1_c2e246d1504d9d8a80b2,controlled_track_B0_uniform_random_random_controlled_bridge_safe_s025_b20,B0_uniform_random,random_controlled_bridge_safe,25,20,unit_0137,137,1370.0,1380.0,0.3909301684364857,-1,0.3909301684364857,199,False,,"{""score_fusion_geometry_motion"":0.2053633132173476,""score_fusion_yolo_motion"":0.3909301684364857,""score_motion"":0.5127676417911645,""score_yolo_count"":0.2777777777777778,""score_yolo_geometry"":0.0501072134581645}"
cbbv1_c2e246d1504d9d8a80b2,controlled_track_B0_uniform_random_random_controlled_bridge_safe_s025_b20,B0_uniform_random,random_controlled_bridge_safe,25,20,unit_0007,7,70.0,80.0,0.3897393589323536,-1,0.3897393589323536,200,False,,"{""score_fusion_geometry_motion"":0.1382239032839232,""score_fusion_yolo_motion"":0.3897393589323536,""score_motion"":0.2821501982509153,""score_yolo_count"":0.5000000000000001,""score_yolo_geometry"":0.0805489707947121}"
cbbv1_c2e246d1504d9d8a80b2,controlled_track_B0_uniform_random_random_controlled_bridge_safe_s025_b20,B0_uniform_random,random_controlled_bridge_safe,25,20,unit_0287,287,2870.0,2880.0,0.3882728590779594,-1,0.3882728590779594,201,False,,"{""score_fusion_geometry_motion"":0.3219597860477811,""score_fusion_yolo_motion"":0.3882728590779594,""score_motion"":0.5085800628730448,""score_yolo_count"":0.2777777777777778,""score_yolo_geometry"":0.1889104364090058}"
cbbv1_c2e246d1504d9d8a80b2,controlled_track_B0_uniform_random_random_controlled_bridge_safe_s025_b20,B0_uniform_random,random_controlled_bridge_safe,25,20,unit_0262,262,2620.0,2630.0,0.384796694443603,-1,0.384796694443603,202,False,,"{""score_fusion_geometry_motion"":0.1734502725797717,""score_fusion_yolo_motion"":0.384796694443603,""score_motion"":0.3887316328026666,""score_yolo_count"":0.3888888888888889,""score_yolo_geometry"":0.0714055689563236}"
cbbv1_c2e246d1504d9d8a80b2,controlled_track_B0_uniform_random_random_controlled_bridge_safe_s025_b20,B0_uniform_random,random_controlled_bridge_safe,25,20,unit_0031,31,310.0,320.0,0.3845982410190268,-1,0.3845982410190268,203,False,,"{""score_fusion_geometry_motion"":0.1266716570823029,""score_fusion_yolo_motion"":0.3845982410190268,""score_motion"":0.3884188956445643,""score_yolo_count"":0.3888888888888889,""score_yolo_geometry"":0.016661424530269}"
cbbv1_c2e246d1504d9d8a80b2,controlled_track_B0_uniform_random_random_controlled_bridge_safe_s025_b20,B0_uniform_random,random_controlled_bridge_safe,25,20,unit_0005,5,50.0,60.0,0.383914580742849,-1,0.383914580742849,204,False,,"{""score_fusion_geometry_motion"":0.2215454382034844,""score_fusion_yolo_motion"":0.383914580742849,""score_motion"":0.3873415346852571,""score_yolo_count"":0.3888888888888889,""score_yolo_geometry"":0.1285011228484532}"
cbbv1_c2e246d1504d9d8a80b2,controlled_track_B0_uniform_random_random_controlled_bridge_safe_s025_b20,B0_uniform_random,random_controlled_bridge_safe,25,20,unit_0186,186,1860.0,1870.0,0.3819635971068029,-1,0.3819635971068029,205,False,,"{""score_fusion_geometry_motion"":0.2758883692165551,""score_fusion_yolo_motion"":0.3819635971068029,""score_motion"":0.727378355175394,""score_yolo_count"":0.0555555555555555,""score_yolo_geometry"":0.0312195342000425}"
cbbv1_c2e246d1504d9d8a80b2,controlled_track_B0_uniform_random_random_controlled_bridge_safe_s025_b20,B0_uniform_random,random_controlled_bridge_safe,25,20,unit_0313,313,3130.0,3140.0,0.381478033773298,-1,0.381478033773298,206,False,,"{""score_fusion_geometry_motion"":0.1598106295988348,""score_fusion_yolo_motion"":0.381478033773298,""score_motion"":0.3263166288915969,""score_yolo_count"":0.4444444444444445,""score_yolo_geometry"":0.0849615105205651}"
cbbv1_c2e246d1504d9d8a80b2,controlled_track_B0_uniform_random_random_controlled_bridge_safe_s025_b20,B0_uniform_random,random_controlled_bridge_safe,25,20,unit_0265,265,2650.0,2660.0,0.3812689503276842,-1,0.3812689503276842,207,False,,"{""score_fusion_geometry_motion"":0.1866539521144085,""score_fusion_yolo_motion"":0.3812689503276842,""score_motion"":0.5547280205902827,""score_yolo_count"":0.2222222222222222,""score_yolo_geometry"":0.0082792397829823}"
cbbv1_c2e246d1504d9d8a80b2,controlled_track_B0_uniform_random_random_controlled_bridge_safe_s025_b20,B0_uniform_random,random_controlled_bridge_safe,25,20,unit_0088,88,880.0,890.0,0.3811235319755099,-1,0.3811235319755099,208,False,,"{""score_fusion_geometry_motion"":0.1589979693215484,""score_fusion_yolo_motion"":0.3811235319755099,""score_motion"":0.325757979500592,""score_yolo_count"":0.4444444444444445,""score_yolo_geometry"":0.0842724868012805}"
cbbv1_c2e246d1504d9d8a80b2,controlled_track_B0_uniform_random_random_controlled_bridge_safe_s025_b20,B0_uniform_random,random_controlled_bridge_safe,25,20,unit_0160,160,1600.0,1610.0,0.3796907802012653,-1,0.3796907802012653,209,False,,"{""score_fusion_geometry_motion"":0.1958656382525759,""score_fusion_yolo_motion"":0.3796907802012653,""score_motion"":0.4950558066691623,""score_yolo_count"":0.2777777777777778,""score_yolo_geometry"":0.0473509680091231}"
cbbv1_c2e246d1504d9d8a80b2,controlled_track_B0_uniform_random_random_controlled_bridge_safe_s025_b20,B0_uniform_random,random_controlled_bridge_safe,25,20,unit_0275,275,2750.0,2760.0,0.378058541394885,-1,0.378058541394885,210,False,,"{""score_fusion_geometry_motion"":0.149380934734778,""score_fusion_yolo_motion"":0.378058541394885,""score_motion"":0.3209279472356326,""score_yolo_count"":0.4444444444444445,""score_yolo_geometry"":0.0752750259431676}"
cbbv1_c2e246d1504d9d8a80b2,controlled_track_B0_uniform_random_random_controlled_bridge_safe_s025_b20,B0_uniform_random,random_controlled_bridge_safe,25,20,unit_0343,343,3430.0,3440.0,0.3775432243018784,-1,0.3775432243018784,211,False,,"{""score_fusion_geometry_motion"":0.1823575755235909,""score_fusion_yolo_motion"":0.3775432243018784,""score_motion"":0.2057454333500372,""score_yolo_count"":0.5555555555555557,""score_yolo_geometry"":0.1685247942489269}"
cbbv1_c2e246d1504d9d8a80b2,controlled_track_B0_uniform_random_random_controlled_bridge_safe_s025_b20,B0_uniform_random,random_controlled_bridge_safe,25,20,unit_0314,314,3140.0,3150.0,0.3758361181820074,-1,0.3758361181820074,212,False,,"{""score_fusion_geometry_motion"":0.1999740700251033,""score_fusion_yolo_motion"":0.3758361181820074,""score_motion"":0.5461665735438854,""score_yolo_count"":0.2222222222222222,""score_yolo_geometry"":0.0279646247233174}"
cbbv1_c2e246d1504d9d8a80b2,controlled_track_B0_uniform_random_random_controlled_bridge_safe_s025_b20,B0_uniform_random,random_controlled_bridge_safe,25,20,unit_0293,293,2930.0,2940.0,0.3722910819574508,-1,0.3722910819574508,213,True,13,"{""score_fusion_geometry_motion"":0.15241683292062,""score_fusion_yolo_motion"":0.3722910819574508,""score_motion"":0.369024390573923,""score_yolo_count"":0.3888888888888889,""score_yolo_geometry"":0.0560577815962877}"
cbbv1_c2e246d1504d9d8a80b2,controlled_track_B0_uniform_random_random_controlled_bridge_safe_s025_b20,B0_uniform_random,random_controlled_bridge_safe,25,20,unit_0323,323,3230.0,3240.0,0.37226583997758,-1,0.37226583997758,214,False,,"{""score_fusion_geometry_motion"":0.2334132833492483,""score_fusion_yolo_motion"":0.37226583997758,""score_motion"":0.5405402727548144,""score_yolo_count"":0.2222222222222222,""score_yolo_geometry"":0.0698685577409079}"
cbbv1_c2e246d1504d9d8a80b2,controlled_track_B0_uniform_random_random_controlled_bridge_safe_s025_b20,B0_uniform_random,random_controlled_bridge_safe,25,20,unit_0243,243,2430.0,2440.0,0.3720688238971666,-1,0.3720688238971666,215,False,,"{""score_fusion_geometry_motion"":0.2570444751060269,""score_fusion_yolo_motion"":0.3720688238971666,""score_motion"":0.4258593604632052,""score_yolo_count"":0.3333333333333333,""score_yolo_geometry"":0.1519143577566255}"
cbbv1_c2e246d1504d9d8a80b2,controlled_track_B0_uniform_random_random_controlled_bridge_safe_s025_b20,B0_uniform_random,random_controlled_bridge_safe,25,20,unit_0053,53,530.0,540.0,0.3710577406415192,-1,0.3710577406415192,216,False,,"{""score_fusion_geometry_motion"":0.2059165133913209,""score_fusion_yolo_motion"":0.3710577406415192,""score_motion"":0.5958216831649159,""score_yolo_count"":0.1666666666666666,""score_yolo_geometry"":0.0114198350711039}"
cbbv1_c2e246d1504d9d8a80b2,controlled_track_B0_uniform_random_random_controlled_bridge_safe_s025_b20,B0_uniform_random,random_controlled_bridge_safe,25,20,unit_0340,340,3400.0,3410.0,0.3707113790111664,-1,0.3707113790111664,217,False,,"{""score_fusion_geometry_motion"":0.2600568337118857,""score_fusion_yolo_motion"":0.3707113790111664,""score_motion"":0.4809054214306705,""score_yolo_count"":0.2777777777777778,""score_yolo_geometry"":0.1293779733053294}"
cbbv1_c2e246d1504d9d8a80b2,controlled_track_B0_uniform_random_random_controlled_bridge_safe_s025_b20,B0_uniform_random,random_controlled_bridge_safe,25,20,unit_0208,208,2080.0,2090.0,0.3676741385106911,-1,0.3676741385106911,218,False,,"{""score_fusion_geometry_motion"":0.168894884508858,""score_fusion_yolo_motion"":0.3676741385106911,""score_motion"":0.3617486795311848,""score_yolo_count"":0.3888888888888889,""score_yolo_geometry"":0.0788398793166952}"
cbbv1_c2e246d1504d9d8a80b2,controlled_track_B0_uniform_random_random_controlled_bridge_safe_s025_b20,B0_uniform_random,random_controlled_bridge_safe,25,20,unit_0060,60,600.0,610.0,0.3675798033596855,-1,0.3675798033596855,219,False,,"{""score_fusion_geometry_motion"":1.0,""score_fusion_yolo_motion"":0.3675798033596855,""score_motion"":0.4759704596293427,""score_yolo_count"":0.2777777777777778,""score_yolo_geometry"":1.0}"
cbbv1_c2e246d1504d9d8a80b2,controlled_track_B0_uniform_random_random_controlled_bridge_safe_s025_b20,B0_uniform_random,random_controlled_bridge_safe,25,20,unit_0174,174,1740.0,1750.0,0.367145517110667,-1,0.367145517110667,220,False,,"{""score_fusion_geometry_motion"":0.183041606607124,""score_fusion_yolo_motion"":0.367145517110667,""score_motion"":0.4181008600686502,""score_yolo_count"":0.3333333333333333,""score_yolo_geometry"":0.0687504777115814}"
cbbv1_c2e246d1504d9d8a80b2,controlled_track_B0_uniform_random_random_controlled_bridge_safe_s025_b20,B0_uniform_random,random_controlled_bridge_safe,25,20,unit_0006,6,60.0,70.0,0.3666092081560168,-1,0.3666092081560168,221,False,,"{""score_fusion_geometry_motion"":0.188857443728083,""score_fusion_yolo_motion"":0.3666092081560168,""score_motion"":0.4172557059036352,""score_yolo_count"":0.3333333333333333,""score_yolo_geometry"":0.0759753459012043}"
cbbv1_c2e246d1504d9d8a80b2,controlled_track_B0_uniform_random_random_controlled_bridge_safe_s025_b20,B0_uniform_random,random_controlled_bridge_safe,25,20,unit_0140,140,1400.0,1410.0,0.3658584365542633,-1,0.3658584365542633,222,False,,"{""score_fusion_geometry_motion"":0.1373165426593705,""score_fusion_yolo_motion"":0.3658584365542633,""score_motion"":0.4160725860979799,""score_yolo_count"":0.3333333333333333,""score_yolo_geometry"":0.0160551434176137}"
cbbv1_c2e246d1504d9d8a80b2,controlled_track_B0_uniform_random_random_controlled_bridge_safe_s025_b20,B0_uniform_random,random_controlled_bridge_safe,25,20,unit_0273,273,2730.0,2740.0,0.3623552572925591,-1,0.3623552572925591,223,False,,"{""score_fusion_geometry_motion"":0.2449071581533042,""score_fusion_yolo_motion"":0.3623552572925591,""score_motion"":0.4677372447432986,""score_yolo_count"":0.2777777777777778,""score_yolo_geometry"":0.117837406545648}"
cbbv1_c2e246d1504d9d8a80b2,controlled_track_B0_uniform_random_random_controlled_bridge_safe_s025_b20,B0_uniform_random,random_controlled_bridge_safe,25,20,unit_0254,254,2540.0,2550.0,0.3587611190571901,-1,0.3587611190571901,224,False,,"{""score_fusion_geometry_motion"":0.2576253632816584,""score_fusion_yolo_motion"":0.3587611190571901,""score_motion"":0.5192585637058248,""score_yolo_count"":0.2222222222222222,""score_yolo_geometry"":0.1083597350830497}"
cbbv1_c2e246d1504d9d8a80b2,controlled_track_B0_uniform_random_random_controlled_bridge_safe_s025_b20,B0_uniform_random,random_controlled_bridge_safe,25,20,unit_0047,47,470.0,480.0,0.3553067495153655,-1,0.3553067495153655,225,False,,"{""score_fusion_geometry_motion"":0.0874277252044253,""score_fusion_yolo_motion"":0.3553067495153655,""score_motion"":0.2850740397037826,""score_yolo_count"":0.4444444444444445,""score_yolo_geometry"":0.0195574994133535}"
cbbv1_c2e246d1504d9d8a80b2,controlled_track_B0_uniform_random_random_controlled_bridge_safe_s025_b20,B0_uniform_random,random_controlled_bridge_safe,25,20,unit_0046,46,460.0,470.0,0.3551613246441636,-1,0.3551613246441636,226,False,,"{""score_fusion_geometry_motion"":0.124661681114235,""score_fusion_yolo_motion"":0.3551613246441636,""score_motion"":0.3420300888500888,""score_yolo_count"":0.3888888888888889,""score_yolo_geometry"":0.0362737544928985}"
cbbv1_c2e246d1504d9d8a80b2,controlled_track_B0_uniform_random_random_controlled_bridge_safe_s025_b20,B0_uniform_random,random_controlled_bridge_safe,25,20,unit_0295,295,2950.0,2960.0,0.3548549642363359,-1,0.3548549642363359,227,False,,"{""score_fusion_geometry_motion"":0.1449183386013721,""score_fusion_yolo_motion"":0.3548549642363359,""score_motion"":0.4559177443222492,""score_yolo_count"":0.2777777777777778,""score_yolo_geometry"":0.0061037627106884}"
cbbv1_c2e246d1504d9d8a80b2,controlled_track_B0_uniform_random_random_controlled_bridge_safe_s025_b20,B0_uniform_random,random_controlled_bridge_safe,25,20,unit_0270,270,2700.0,2710.0,0.3528406856820122,-1,0.3528406856820122,228,False,,"{""score_fusion_geometry_motion"":0.2121603833232565,""score_fusion_yolo_motion"":0.3528406856820122,""score_motion"":0.5671139397274092,""score_yolo_count"":0.1666666666666666,""score_yolo_geometry"":0.0323434162666901}"
cbbv1_c2e246d1504d9d8a80b2,controlled_track_B0_uniform_random_random_controlled_bridge_safe_s025_b20,B0_uniform_random,random_controlled_bridge_safe,25,20,unit_0016,16,160.0,170.0,0.3521913952164063,-1,0.3521913952164063,229,False,,"{""score_fusion_geometry_motion"":0.1687429027385976,""score_fusion_yolo_motion"":0.3521913952164063,""score_motion"":0.4517203009801614,""score_yolo_count"":0.2777777777777778,""score_yolo_geometry"":0.0360486628823858}"
cbbv1_c2e246d1504d9d8a80b2,controlled_track_B0_uniform_random_random_controlled_bridge_safe_s025_b20,B0_uniform_random,random_controlled_bridge_safe,25,20,unit_0286,286,2860.0,2870.0,0.351969411200378,-1,0.351969411200378,230,False,,"{""score_fusion_geometry_motion"":0.3110683192907855,""score_fusion_yolo_motion"":0.351969411200378,""score_motion"":0.3941852625244028,""score_yolo_count"":0.3333333333333333,""score_yolo_geometry"":0.2303101877751855}"
cbbv1_c2e246d1504d9d8a80b2,controlled_track_B0_uniform_random_random_controlled_bridge_safe_s025_b20,B0_uniform_random,random_controlled_bridge_safe,25,20,unit_0050,50,500.0,510.0,0.3518437070323579,-1,0.3518437070323579,231,True,18,"{""score_fusion_geometry_motion"":0.2207780530330145,""score_fusion_yolo_motion"":0.3518437070323579,""score_motion"":0.4511723889709977,""score_yolo_count"":0.2777777777777778,""score_yolo_geometry"":0.0973687022319016}"
cbbv1_c2e246d1504d9d8a80b2,controlled_track_B0_uniform_random_random_controlled_bridge_safe_s025_b20,B0_uniform_random,random_controlled_bridge_safe,25,20,unit_0099,99,990.0,1000.0,0.3517010825523681,-1,0.3517010825523681,232,False,,"{""score_fusion_geometry_motion"":0.2835933300501624,""score_fusion_yolo_motion"":0.3517010825523681,""score_motion"":0.6225032913785414,""score_yolo_count"":0.1111111111111111,""score_yolo_geometry"":0.0899324310907514}"
cbbv1_c2e246d1504d9d8a80b2,controlled_track_B0_uniform_random_random_controlled_bridge_safe_s025_b20,B0_uniform_random,random_controlled_bridge_safe,25,20,unit_0086,86,860.0,870.0,0.3516265824821272,-1,0.3516265824821272,233,False,,"{""score_fusion_geometry_motion"":0.1351444519042774,""score_fusion_yolo_motion"":0.3516265824821272,""score_motion"":0.3364597883085886,""score_yolo_count"":0.3888888888888889,""score_yolo_geometry"":0.0512129767058421}"
cbbv1_c2e246d1504d9d8a80b2,controlled_track_B0_uniform_random_random_controlled_bridge_safe_s025_b20,B0_uniform_random,random_controlled_bridge_safe,25,20,unit_0059,59,590.0,600.0,0.3495709943982599,-1,0.3495709943982599,234,False,,"{""score_fusion_geometry_motion"":0.1768277607018361,""score_fusion_yolo_motion"":0.3495709943982599,""score_motion"":0.5047761052923374,""score_yolo_count"":0.2222222222222222,""score_yolo_geometry"":0.0204072285244936}"
cbbv1_c2e246d1504d9d8a80b2,controlled_track_B0_uniform_random_random_controlled_bridge_safe_s025_b20,B0_uniform_random,random_controlled_bridge_safe,25,20,unit_0097,97,970.0,980.0,0.3493690175125221,-1,0.3493690175125221,235,False,,"{""score_fusion_geometry_motion"":0.1249262576604408,""score_fusion_yolo_motion"":0.3493690175125221,""score_motion"":0.2757169352037852,""score_yolo_count"":0.4444444444444445,""score_yolo_geometry"":0.0679918362365279}"
cbbv1_c2e246d1504d9d8a80b2,controlled_track_B0_uniform_random_random_controlled_bridge_safe_s025_b20,B0_uniform_random,random_controlled_bridge_safe,25,20,unit_0150,150,1500.0,1510.0,0.3478159472907744,-1,0.3478159472907744,236,False,,"{""score_fusion_geometry_motion"":0.1480781434884649,""score_fusion_yolo_motion"":0.3478159472907744,""score_motion"":0.4448251559222794,""score_yolo_count"":0.2777777777777778,""score_yolo_geometry"":0.0150653640336396}"
cbbv1_c2e246d1504d9d8a80b2,controlled_track_B0_uniform_random_random_controlled_bridge_safe_s025_b20,B0_uniform_random,random_controlled_bridge_safe,25,20,unit_0338,338,3380.0,3390.0,0.3407910991421767,-1,0.3407910991421767,237,False,,"{""score_fusion_geometry_motion"":0.16961211487951,""score_fusion_yolo_motion"":0.3407910991421767,""score_motion"":0.4909401158319071,""score_yolo_count"":0.2222222222222222,""score_yolo_geometry"":0.0184931250357125}"
cbbv1_c2e246d1504d9d8a80b2,controlled_track_B0_uniform_random_random_controlled_bridge_safe_s025_b20,B0_uniform_random,random_controlled_bridge_safe,25,20,unit_0163,163,1630.0,1640.0,0.3372922961039314,-1,0.3372922961039314,238,False,,"{""score_fusion_geometry_motion"":0.2025080462677855,""score_fusion_yolo_motion"":0.3372922961039314,""score_motion"":0.5426116708444247,""score_yolo_count"":0.1666666666666666,""score_yolo_geometry"":0.0326218069847508}"
cbbv1_c2e246d1504d9d8a80b2,controlled_track_B0_uniform_random_random_controlled_bridge_safe_s025_b20,B0_uniform_random,random_controlled_bridge_safe,25,20,unit_0029,29,290.0,300.0,0.3360568103438548,-1,0.3360568103438548,239,False,,"{""score_fusion_geometry_motion"":0.1231599847097116,""score_fusion_yolo_motion"":0.3360568103438548,""score_motion"":0.3119238232516956,""score_yolo_count"":0.3888888888888889,""score_yolo_geometry"":0.0487706937503867}"
cbbv1_c2e246d1504d9d8a80b2,controlled_track_B0_uniform_random_random_controlled_bridge_safe_s025_b20,B0_uniform_random,random_controlled_bridge_safe,25,20,unit_0346,346,3457.93,3462.93,0.3303677198472807,-1,0.3303677198472807,240,False,,"{""score_fusion_geometry_motion"":0.3706733641199899,""score_fusion_yolo_motion"":0.3303677198472807,""score_motion"":0.3029585458931193,""score_yolo_count"":0.3888888888888889,""score_yolo_geometry"":0.3434609173240463}"
cbbv1_c2e246d1504d9d8a80b2,controlled_track_B0_uniform_random_random_controlled_bridge_safe_s025_b20,B0_uniform_random,random_controlled_bridge_safe,25,20,unit_0187,187,1870.0,1880.0,0.3298868856320225,-1,0.3298868856320225,241,False,,"{""score_fusion_geometry_motion"":0.5452251916638509,""score_fusion_yolo_motion"":0.3298868856320225,""score_motion"":0.7024973535190875,""score_yolo_count"":0.0,""score_yolo_geometry"":0.3590565259598327}"
cbbv1_c2e246d1504d9d8a80b2,controlled_track_B0_uniform_random_random_controlled_bridge_safe_s025_b20,B0_uniform_random,random_controlled_bridge_safe,25,20,unit_0192,192,1920.0,1930.0,0.3287323293764064,-1,0.3287323293764064,242,False,,"{""score_fusion_geometry_motion"":0.2095950863825288,""score_fusion_yolo_motion"":0.3287323293764064,""score_motion"":0.3575666002476667,""score_yolo_count"":0.3333333333333333,""score_yolo_geometry"":0.1285801831355486}"
cbbv1_c2e246d1504d9d8a80b2,controlled_track_B0_uniform_random_random_controlled_bridge_safe_s025_b20,B0_uniform_random,random_controlled_bridge_safe,25,20,unit_0058,58,580.0,590.0,0.3239769314069457,-1,0.3239769314069457,243,False,,"{""score_fusion_geometry_motion"":0.2197075983124704,""score_fusion_yolo_motion"":0.3239769314069457,""score_motion"":0.5788135830324574,""score_yolo_count"":0.1111111111111111,""score_yolo_geometry"":0.0356584273549274}"
cbbv1_c2e246d1504d9d8a80b2,controlled_track_B0_uniform_random_random_controlled_bridge_safe_s025_b20,B0_uniform_random,random_controlled_bridge_safe,25,20,unit_0010,10,100.0,110.0,0.3237297614614837,-1,0.3237297614614837,244,False,,"{""score_fusion_geometry_motion"":0.0708490467935119,""score_fusion_yolo_motion"":0.3237297614614837,""score_motion"":0.1781275341694261,""score_yolo_count"":0.5000000000000001,""score_yolo_geometry"":0.0507559006377109}"
cbbv1_c2e246d1504d9d8a80b2,controlled_track_B0_uniform_random_random_controlled_bridge_safe_s025_b20,B0_uniform_random,random_controlled_bridge_safe,25,20,unit_0281,281,2810.0,2820.0,0.3221301315458472,-1,0.3221301315458472,245,False,,"{""score_fusion_geometry_motion"":0.1164012731254166,""score_fusion_yolo_motion"":0.3221301315458472,""score_motion"":0.347162382778671,""score_yolo_count"":0.3333333333333333,""score_yolo_geometry"":0.0241498102799984}"
cbbv1_c2e246d1504d9d8a80b2,controlled_track_B0_uniform_random_random_controlled_bridge_safe_s025_b20,B0_uniform_random,random_controlled_bridge_safe,25,20,unit_0139,139,1390.0,1400.0,0.3219595601704773,-1,0.3219595601704773,246,False,,"{""score_fusion_geometry_motion"":0.1797421134929276,""score_fusion_yolo_motion"":0.3219595601704773,""score_motion"":0.5184492444615078,""score_yolo_count"":0.1666666666666666,""score_yolo_geometry"":0.0173511191310316}"
cbbv1_c2e246d1504d9d8a80b2,controlled_track_B0_uniform_random_random_controlled_bridge_safe_s025_b20,B0_uniform_random,random_controlled_bridge_safe,25,20,unit_0284,284,2840.0,2850.0,0.3214343426454107,-1,0.3214343426454107,247,False,,"{""score_fusion_geometry_motion"":0.1665313498117669,""score_fusion_yolo_motion"":0.3214343426454107,""score_motion"":0.4604363488659164,""score_yolo_count"":0.2222222222222222,""score_yolo_geometry"":0.0293253764693187}"
cbbv1_c2e246d1504d9d8a80b2,controlled_track_B0_uniform_random_random_controlled_bridge_safe_s025_b20,B0_uniform_random,random_controlled_bridge_safe,25,20,unit_0225,225,2250.0,2260.0,0.321225367058352,-1,0.321225367058352,248,False,,"{""score_fusion_geometry_motion"":0.195912802423179,""score_fusion_yolo_motion"":0.321225367058352,""score_motion"":0.5744774703321993,""score_yolo_count"":0.1111111111111111,""score_yolo_geometry"":0.0097901702718124}"
cbbv1_c2e246d1504d9d8a80b2,controlled_track_B0_uniform_random_random_controlled_bridge_safe_s025_b20,B0_uniform_random,random_controlled_bridge_safe,25,20,unit_0091,91,910.0,920.0,0.3199514246232651,-1,0.3199514246232651,249,False,,"{""score_fusion_geometry_motion"":0.162898690400745,""score_fusion_yolo_motion"":0.3199514246232651,""score_motion"":0.4009142400511064,""score_yolo_count"":0.2777777777777778,""score_yolo_geometry"":0.0532538416605247}"
cbbv1_c2e246d1504d9d8a80b2,controlled_track_B0_uniform_random_random_controlled_bridge_safe_s025_b20,B0_uniform_random,random_controlled_bridge_safe,25,20,unit_0037,37,370.0,380.0,0.3192177176853904,-1,0.3192177176853904,250,True,12,"{""score_fusion_geometry_motion"":0.1789379621429363,""score_fusion_yolo_motion"":0.3192177176853904,""score_motion"":0.5141284521719257,""score_yolo_count"":0.1666666666666666,""score_yolo_geometry"":0.0184539278233722}"
cbbv1_c2e246d1504d9d8a80b2,controlled_track_B0_uniform_random_random_controlled_bridge_safe_s025_b20,B0_uniform_random,random_controlled_bridge_safe,25,20,unit_0089,89,890.0,900.0,0.3190487410441474,-1,0.3190487410441474,251,False,,"{""score_fusion_geometry_motion"":0.1178084709514875,""score_fusion_yolo_motion"":0.3190487410441474,""score_motion"":0.2279360661366851,""score_yolo_count"":0.4444444444444445,""score_yolo_geometry"":0.082269733268217}"
cbbv1_c2e246d1504d9d8a80b2,controlled_track_B0_uniform_random_random_controlled_bridge_safe_s025_b20,B0_uniform_random,random_controlled_bridge_safe,25,20,unit_0180,180,1800.0,1810.0,0.3190475588423606,-1,0.3190475588423606,252,False,,"{""score_fusion_geometry_motion"":0.2239585454037348,""score_fusion_yolo_motion"":0.3190475588423606,""score_motion"":0.5710455237491898,""score_yolo_count"":0.1111111111111111,""score_yolo_geometry"":0.0443258446402356}"
cbbv1_c2e246d1504d9d8a80b2,controlled_track_B0_uniform_random_random_controlled_bridge_safe_s025_b20,B0_uniform_random,random_controlled_bridge_safe,25,20,unit_0069,69,690.0,700.0,0.3185461860334711,-1,0.3185461860334711,253,False,,"{""score_fusion_geometry_motion"":0.2962454909147144,""score_fusion_yolo_motion"":0.3185461860334711,""score_motion"":0.3986997641660657,""score_yolo_count"":0.2777777777777778,""score_yolo_geometry"":0.2107781879226982}"
cbbv1_c2e246d1504d9d8a80b2,controlled_track_B0_uniform_random_random_controlled_bridge_safe_s025_b20,B0_uniform_random,random_controlled_bridge_safe,25,20,unit_0326,326,3260.0,3270.0,0.317701507127817,-1,0.317701507127817,254,False,,"{""score_fusion_geometry_motion"":0.1520840163475174,""score_fusion_yolo_motion"":0.317701507127817,""score_motion"":0.4545538785889317,""score_yolo_count"":0.2222222222222222,""score_yolo_geometry"":0.01515827358975}"
cbbv1_c2e246d1504d9d8a80b2,controlled_track_B0_uniform_random_random_controlled_bridge_safe_s025_b20,B0_uniform_random,random_controlled_bridge_safe,25,20,unit_0102,102,1020.0,1030.0,0.3165040436766181,-1,0.3165040436766181,255,True,17,"{""score_fusion_geometry_motion"":0.1682180488585317,""score_fusion_yolo_motion"":0.3165040436766181,""score_motion"":0.5098520497901999,""score_yolo_count"":0.1666666666666666,""score_yolo_geometry"":0.0079000830015275}"
cbbv1_c2e246d1504d9d8a80b2,controlled_track_B0_uniform_random_random_controlled_bridge_safe_s025_b20,B0_uniform_random,random_controlled_bridge_safe,25,20,unit_0076,76,760.0,770.0,0.3117381023660857,-1,0.3117381023660857,256,False,,"{""score_fusion_geometry_motion"":0.2809416503486587,""score_fusion_yolo_motion"":0.3117381023660857,""score_motion"":0.5595267573154852,""score_yolo_count"":0.1111111111111111,""score_yolo_geometry"":0.1166481294285945}"
cbbv1_c2e246d1504d9d8a80b2,controlled_track_B0_uniform_random_random_controlled_bridge_safe_s025_b20,B0_uniform_random,random_controlled_bridge_safe,25,20,unit_0105,105,1050.0,1060.0,0.3100587375306278,-1,0.3100587375306278,257,False,,"{""score_fusion_geometry_motion"":0.1852733580488618,""score_fusion_yolo_motion"":0.3100587375306278,""score_motion"":0.4425098534028748,""score_yolo_count"":0.2222222222222222,""score_yolo_geometry"":0.0598085946158121}"
cbbv1_c2e246d1504d9d8a80b2,controlled_track_B0_uniform_random_random_controlled_bridge_safe_s025_b20,B0_uniform_random,random_controlled_bridge_safe,25,20,unit_0178,178,1780.0,1790.0,0.3077000945062753,-1,0.3077000945062753,258,False,,"{""score_fusion_geometry_motion"":0.2505724349378026,""score_fusion_yolo_motion"":0.3077000945062753,""score_motion"":0.5531633745461109,""score_yolo_count"":0.1111111111111111,""score_yolo_geometry"":0.084025301273564}"
cbbv1_c2e246d1504d9d8a80b2,controlled_track_B0_uniform_random_random_controlled_bridge_safe_s025_b20,B0_uniform_random,random_controlled_bridge_safe,25,20,unit_0132,132,1320.0,1330.0,0.3028189376287641,-1,0.3028189376287641,259,False,,"{""score_fusion_geometry_motion"":0.1547599269440544,""score_fusion_yolo_motion"":0.3028189376287641,""score_motion"":0.3167304165977575,""score_yolo_count"":0.3333333333333333,""score_yolo_geometry"":0.0835750511316929}"
cbbv1_c2e246d1504d9d8a80b2,controlled_track_B0_uniform_random_random_controlled_bridge_safe_s025_b20,B0_uniform_random,random_controlled_bridge_safe,25,20,unit_0308,308,3080.0,3090.0,0.3019061903637977,-1,0.3019061903637977,260,True,4,"{""score_fusion_geometry_motion"":0.1605942218160214,""score_fusion_yolo_motion"":0.3019061903637977,""score_motion"":0.3152920439099556,""score_yolo_count"":0.3333333333333333,""score_yolo_geometry"":0.0911025420776}"
cbbv1_c2e246d1504d9d8a80b2,controlled_track_B0_uniform_random_random_controlled_bridge_safe_s025_b20,B0_uniform_random,random_controlled_bridge_safe,25,20,unit_0106,106,1060.0,1070.0,0.3018923539382357,-1,0.3018923539382357,261,False,,"{""score_fusion_geometry_motion"":0.1372570042504971,""score_fusion_yolo_motion"":0.3018923539382357,""score_motion"":0.2580850193750817,""score_yolo_count"":0.3888888888888889,""score_yolo_geometry"":0.0908122528331761}"
cbbv1_c2e246d1504d9d8a80b2,controlled_track_B0_uniform_random_random_controlled_bridge_safe_s025_b20,B0_uniform_random,random_controlled_bridge_safe,25,20,unit_0104,104,1040.0,1050.0,0.3007907978831741,-1,0.3007907978831741,262,False,,"{""score_fusion_geometry_motion"":0.1717602867827199,""score_fusion_yolo_motion"":0.3007907978831741,""score_motion"":0.4850899886441276,""score_yolo_count"":0.1666666666666666,""score_yolo_geometry"":0.0237846633775883}"
cbbv1_c2e246d1504d9d8a80b2,controlled_track_B0_uniform_random_random_controlled_bridge_safe_s025_b20,B0_uniform_random,random_controlled_bridge_safe,25,20,unit_0122,122,1220.0,1230.0,0.2946016793780828,-1,0.2946016793780828,263,False,,"{""score_fusion_geometry_motion"":0.109912943435695,""score_fusion_yolo_motion"":0.2946016793780828,""score_motion"":0.3609662910372586,""score_yolo_count"":0.2777777777777778,""score_yolo_geometry"":0.0099982079413122}"
cbbv1_c2e246d1504d9d8a80b2,controlled_track_B0_uniform_random_random_controlled_bridge_safe_s025_b20,B0_uniform_random,random_controlled_bridge_safe,25,20,unit_0304,304,3040.0,3050.0,0.2920734409139772,-1,0.2920734409139772,264,False,,"{""score_fusion_geometry_motion"":0.1881791407059783,""score_fusion_yolo_motion"":0.2920734409139772,""score_motion"":0.3569821113036128,""score_yolo_count"":0.2777777777777778,""score_yolo_geometry"":0.103726517176457}"
cbbv1_c2e246d1504d9d8a80b2,controlled_track_B0_uniform_random_random_controlled_bridge_safe_s025_b20,B0_uniform_random,random_controlled_bridge_safe,25,20,unit_0113,113,1130.0,1140.0,0.2911905334332751,-1,0.2911905334332751,265,False,,"{""score_fusion_geometry_motion"":0.0584474942661248,""score_fusion_yolo_motion"":0.2911905334332751,""score_motion"":0.1840351019852676,""score_yolo_count"":0.4444444444444445,""score_yolo_geometry"":0.0334053497064846}"
cbbv1_c2e246d1504d9d8a80b2,controlled_track_B0_uniform_random_random_controlled_bridge_safe_s025_b20,B0_uniform_random,random_controlled_bridge_safe,25,20,unit_0311,311,3110.0,3120.0,0.2877756170254633,-1,0.2877756170254633,266,False,,"{""score_fusion_geometry_motion"":0.3063823382047008,""score_fusion_yolo_motion"":0.2877756170254633,""score_motion"":0.4073945118797125,""score_yolo_count"":0.2222222222222222,""score_yolo_geometry"":0.2185551932417518}"
cbbv1_c2e246d1504d9d8a80b2,controlled_track_B0_uniform_random_random_controlled_bridge_safe_s025_b20,B0_uniform_random,random_controlled_bridge_safe,25,20,unit_0301,301,3010.0,3020.0,0.2873738477786014,-1,0.2873738477786014,267,False,,"{""score_fusion_geometry_motion"":0.1539019783594188,""score_fusion_yolo_motion"":0.2873738477786014,""score_motion"":0.3495761549461814,""score_yolo_count"":0.2777777777777778,""score_yolo_geometry"":0.067011706838502}"
cbbv1_c2e246d1504d9d8a80b2,controlled_track_B0_uniform_random_random_controlled_bridge_safe_s025_b20,B0_uniform_random,random_controlled_bridge_safe,25,20,unit_0173,173,1730.0,1740.0,0.2858178539923222,-1,0.2858178539923222,268,False,,"{""score_fusion_geometry_motion"":0.1566944222923548,""score_fusion_yolo_motion"":0.2858178539923222,""score_motion"":0.4614945483999054,""score_yolo_count"":0.1666666666666666,""score_yolo_geometry"":0.0172810647167446}"
cbbv1_c2e246d1504d9d8a80b2,controlled_track_B0_uniform_random_random_controlled_bridge_safe_s025_b20,B0_uniform_random,random_controlled_bridge_safe,25,20,unit_0114,114,1140.0,1150.0,0.2841128659293855,-1,0.2841128659293855,269,False,,"{""score_fusion_geometry_motion"":0.1514947196276052,""score_fusion_yolo_motion"":0.2841128659293855,""score_motion"":0.2300668253616783,""score_yolo_count"":0.3888888888888889,""score_yolo_geometry"":0.1207896062689897}"
cbbv1_c2e246d1504d9d8a80b2,controlled_track_B0_uniform_random_random_controlled_bridge_safe_s025_b20,B0_uniform_random,random_controlled_bridge_safe,25,20,unit_0189,189,1890.0,1900.0,0.2823818232047503,-1,0.2823818232047503,270,False,,"{""score_fusion_geometry_motion"":0.2321033533994036,""score_fusion_yolo_motion"":0.2823818232047503,""score_motion"":0.3417093641274461,""score_yolo_count"":0.2777777777777778,""score_yolo_geometry"":0.1625028550288778}"
cbbv1_c2e246d1504d9d8a80b2,controlled_track_B0_uniform_random_random_controlled_bridge_safe_s025_b20,B0_uniform_random,random_controlled_bridge_safe,25,20,unit_0303,303,3030.0,3040.0,0.2816117681978597,-1,0.2816117681978597,271,False,,"{""score_fusion_geometry_motion"":0.2104752844836878,""score_fusion_yolo_motion"":0.2816117681978597,""score_motion"":0.111754975739846,""score_yolo_count"":0.5000000000000001,""score_yolo_geometry"":0.2460357566932973}"
cbbv1_c2e246d1504d9d8a80b2,controlled_track_B0_uniform_random_random_controlled_bridge_safe_s025_b20,B0_uniform_random,random_controlled_bridge_safe,25,20,unit_0087,87,870.0,880.0,0.2805205528048151,-1,0.2805205528048151,272,False,,"{""score_fusion_geometry_motion"":0.0791614674939419,""score_fusion_yolo_motion"":0.2805205528048151,""score_motion"":0.167220580261209,""score_yolo_count"":0.4444444444444445,""score_yolo_geometry"":0.0656759065298153}"
cbbv1_c2e246d1504d9d8a80b2,controlled_track_B0_uniform_random_random_controlled_bridge_safe_s025_b20,B0_uniform_random,random_controlled_bridge_safe,25,20,unit_0062,62,620.0,630.0,0.2789799924549337,-1,0.2789799924549337,273,False,,"{""score_fusion_geometry_motion"":0.1703339456329584,""score_fusion_yolo_motion"":0.2789799924549337,""score_motion"":0.5079041752396585,""score_yolo_count"":0.1111111111111111,""score_yolo_geometry"":0.0113055409587539}"
cbbv1_c2e246d1504d9d8a80b2,controlled_track_B0_uniform_random_random_controlled_bridge_safe_s025_b20,B0_uniform_random,random_controlled_bridge_safe,25,20,unit_0065,65,650.0,660.0,0.2766299604575029,-1,0.2766299604575029,274,False,,"{""score_fusion_geometry_motion"":0.2112617856062985,""score_fusion_yolo_motion"":0.2766299604575029,""score_motion"":0.5042008260538468,""score_yolo_count"":0.1111111111111111,""score_yolo_geometry"":0.061086227325427}"
cbbv1_c2e246d1504d9d8a80b2,controlled_track_B0_uniform_random_random_controlled_bridge_safe_s025_b20,B0_uniform_random,random_controlled_bridge_safe,25,20,unit_0028,28,280.0,290.0,0.2752367243867356,-1,0.2752367243867356,275,False,,"{""score_fusion_geometry_motion"":0.1137786192894462,""score_fusion_yolo_motion"":0.2752367243867356,""score_motion"":0.3304496042947432,""score_yolo_count"":0.2777777777777778,""score_yolo_geometry"":0.0289878645301353}"
cbbv1_c2e246d1504d9d8a80b2,controlled_track_B0_uniform_random_random_controlled_bridge_safe_s025_b20,B0_uniform_random,random_controlled_bridge_safe,25,20,unit_0327,327,3270.0,3280.0,0.2728066185790534,-1,0.2728066185790534,276,False,,"{""score_fusion_geometry_motion"":0.2191102315686351,""score_fusion_yolo_motion"":0.2728066185790534,""score_motion"":0.3266200690483488,""score_yolo_count"":0.2777777777777778,""score_yolo_geometry"":0.1544027826351826}"
cbbv1_c2e246d1504d9d8a80b2,controlled_track_B0_uniform_random_random_controlled_bridge_safe_s025_b20,B0_uniform_random,random_controlled_bridge_safe,25,20,unit_0131,131,1310.0,1320.0,0.270573679722721,-1,0.270573679722721,277,False,,"{""score_fusion_geometry_motion"":0.1292369972063142,""score_fusion_yolo_motion"":0.270573679722721,""score_motion"":0.38028646374499,""score_yolo_count"":0.2222222222222222,""score_yolo_geometry"":0.0235234462215523}"
cbbv1_c2e246d1504d9d8a80b2,controlled_track_B0_uniform_random_random_controlled_bridge_safe_s025_b20,B0_uniform_random,random_controlled_bridge_safe,25,20,unit_0100,100,1000.0,1010.0,0.2640326965572651,-1,0.2640326965572651,278,False,,"{""score_fusion_geometry_motion"":0.2040647136043366,""score_fusion_yolo_motion"":0.2640326965572651,""score_motion"":0.4843491529449693,""score_yolo_count"":0.1111111111111111,""score_yolo_geometry"":0.0620431017295765}"
cbbv1_c2e246d1504d9d8a80b2,controlled_track_B0_uniform_random_random_controlled_bridge_safe_s025_b20,B0_uniform_random,random_controlled_bridge_safe,25,20,unit_0008,8,80.0,90.0,0.2630832841666455,-1,0.2630832841666455,279,False,,"{""score_fusion_geometry_motion"":0.0753637823957053,""score_fusion_yolo_motion"":0.2630832841666455,""score_motion"":0.1969269002099594,""score_yolo_count"":0.3888888888888889,""score_yolo_geometry"":0.0471498440994935}"
cbbv1_c2e246d1504d9d8a80b2,controlled_track_B0_uniform_random_random_controlled_bridge_safe_s025_b20,B0_uniform_random,random_controlled_bridge_safe,25,20,unit_0185,185,1850.0,1860.0,0.2600151725510556,-1,0.2600151725510556,280,False,,"{""score_fusion_geometry_motion"":0.1857194271313185,""score_fusion_yolo_motion"":0.2600151725510556,""score_motion"":0.5352032702049483,""score_yolo_count"":0.0555555555555555,""score_yolo_geometry"":0.016430047379325}"
cbbv1_c2e246d1504d9d8a80b2,controlled_track_B0_uniform_random_random_controlled_bridge_safe_s025_b20,B0_uniform_random,random_controlled_bridge_safe,25,20,unit_0294,294,2940.0,2950.0,0.2594966301516446,-1,0.2594966301516446,281,False,,"{""score_fusion_geometry_motion"":0.1484929396962022,""score_fusion_yolo_motion"":0.2594966301516446,""score_motion"":0.4772008937517297,""score_yolo_count"":0.1111111111111111,""score_yolo_geometry"":0.0002181236865831}"
cbbv1_c2e246d1504d9d8a80b2,controlled_track_B0_uniform_random_random_controlled_bridge_safe_s025_b20,B0_uniform_random,random_controlled_bridge_safe,25,20,unit_0019,19,190.0,200.0,0.2550138233312732,-1,0.2550138233312732,282,False,,"{""score_fusion_geometry_motion"":0.1040536877818654,""score_fusion_yolo_motion"":0.2550138233312732,""score_motion"":0.3557661246340286,""score_yolo_count"":0.2222222222222222,""score_yolo_geometry"":0.0055856096597192}"
cbbv1_c2e246d1504d9d8a80b2,controlled_track_B0_uniform_random_random_controlled_bridge_safe_s025_b20,B0_uniform_random,random_controlled_bridge_safe,25,20,unit_0082,82,820.0,830.0,0.2536233811326902,-1,0.2536233811326902,283,False,,"{""score_fusion_geometry_motion"":0.364665725153206,""score_fusion_yolo_motion"":0.2536233811326902,""score_motion"":0.5823158463721593,""score_yolo_count"":0.0,""score_yolo_geometry"":0.2041004645674176}"
cbbv1_c2e246d1504d9d8a80b2,controlled_track_B0_uniform_random_random_controlled_bridge_safe_s025_b20,B0_uniform_random,random_controlled_bridge_safe,25,20,unit_0094,94,940.0,950.0,0.2511754263321214,-1,0.2511754263321214,284,False,,"{""score_fusion_geometry_motion"":0.0945086658196776,""score_fusion_yolo_motion"":0.2511754263321214,""score_motion"":0.1209764225863358,""score_yolo_count"":0.4444444444444445,""score_yolo_geometry"":0.1055874654375084}"
cbbv1_c2e246d1504d9d8a80b2,controlled_track_B0_uniform_random_random_controlled_bridge_safe_s025_b20,B0_uniform_random,random_controlled_bridge_safe,25,20,unit_0038,38,380.0,390.0,0.2499895033362001,-1,0.2499895033362001,285,False,,"{""score_fusion_geometry_motion"":0.1698745968712944,""score_fusion_yolo_motion"":0.2499895033362001,""score_motion"":0.3478484403712811,""score_yolo_count"":0.2222222222222222,""score_yolo_geometry"":0.0865730314055695}"
cbbv1_c2e246d1504d9d8a80b2,controlled_track_B0_uniform_random_random_controlled_bridge_safe_s025_b20,B0_uniform_random,random_controlled_bridge_safe,25,20,unit_0044,44,440.0,450.0,0.2498838864594084,-1,0.2498838864594084,286,True,0,"{""score_fusion_geometry_motion"":0.1592089595204348,""score_fusion_yolo_motion"":0.2498838864594084,""score_motion"":0.1189411213047857,""score_yolo_count"":0.4444444444444445,""score_yolo_geometry"":0.182473855629076}"
cbbv1_c2e246d1504d9d8a80b2,controlled_track_B0_uniform_random_random_controlled_bridge_safe_s025_b20,B0_uniform_random,random_controlled_bridge_safe,25,20,unit_0101,101,1010.0,1020.0,0.248878416369037,-1,0.248878416369037,287,False,,"{""score_fusion_geometry_motion"":0.1683803579504476,""score_fusion_yolo_motion"":0.248878416369037,""score_motion"":0.4604679499409291,""score_yolo_count"":0.1111111111111111,""score_yolo_geometry"":0.0314801239731503}"
cbbv1_c2e246d1504d9d8a80b2,controlled_track_B0_uniform_random_random_controlled_bridge_safe_s025_b20,B0_uniform_random,random_controlled_bridge_safe,25,20,unit_0324,324,3240.0,3250.0,0.2475909881264669,-1,0.2475909881264669,288,False,,"{""score_fusion_geometry_motion"":0.1945100084654461,""score_fusion_yolo_motion"":0.2475909881264669,""score_motion"":0.4012539079595992,""score_yolo_count"":0.1666666666666666,""score_yolo_geometry"":0.0901871987502843}"
cbbv1_c2e246d1504d9d8a80b2,controlled_track_B0_uniform_random_random_controlled_bridge_safe_s025_b20,B0_uniform_random,random_controlled_bridge_safe,25,20,unit_0018,18,180.0,190.0,0.247026480065973,-1,0.247026480065973,289,False,,"{""score_fusion_geometry_motion"":0.097436480436191,""score_fusion_yolo_motion"":0.247026480065973,""score_motion"":0.2859938754148568,""score_yolo_count"":0.2777777777777778,""score_yolo_geometry"":0.0308665936598859}"
cbbv1_c2e246d1504d9d8a80b2,controlled_track_B0_uniform_random_random_controlled_bridge_safe_s025_b20,B0_uniform_random,random_controlled_bridge_safe,25,20,unit_0079,79,790.0,800.0,0.2451815294261742,-1,0.2451815294261742,290,False,,"{""score_fusion_geometry_motion"":0.1023628730255021,""score_fusion_yolo_motion"":0.2451815294261742,""score_motion"":0.3402716898059426,""score_yolo_count"":0.2222222222222222,""score_yolo_geometry"":0.0109400895664959}"
cbbv1_c2e246d1504d9d8a80b2,controlled_track_B0_uniform_random_random_controlled_bridge_safe_s025_b20,B0_uniform_random,random_controlled_bridge_safe,25,20,unit_0080,80,800.0,810.0,0.2443740331051562,-1,0.2443740331051562,291,False,,"{""score_fusion_geometry_motion"":0.1074553605129626,""score_fusion_yolo_motion"":0.2443740331051562,""score_motion"":0.3389991791140638,""score_yolo_count"":0.2222222222222222,""score_yolo_geometry"":0.0175185517408998}"
cbbv1_c2e246d1504d9d8a80b2,controlled_track_B0_uniform_random_random_controlled_bridge_safe_s025_b20,B0_uniform_random,random_controlled_bridge_safe,25,20,unit_0009,9,90.0,100.0,0.2398028001771037,-1,0.2398028001771037,292,False,,"{""score_fusion_geometry_motion"":0.03405306465738,""score_fusion_yolo_motion"":0.2398028001771037,""score_motion"":0.1602398416838519,""score_yolo_count"":0.3888888888888889,""score_yolo_geometry"":0.0160498064801701}"
cbbv1_c2e246d1504d9d8a80b2,controlled_track_B0_uniform_random_random_controlled_bridge_safe_s025_b20,B0_uniform_random,random_controlled_bridge_safe,25,20,unit_0043,43,430.0,440.0,0.2397879943349526,-1,0.2397879943349526,293,False,,"{""score_fusion_geometry_motion"":0.0680489534663055,""score_fusion_yolo_motion"":0.2397879943349526,""score_motion"":0.1030312894726998,""score_yolo_count"":0.4444444444444445,""score_yolo_geometry"":0.0830376499724828}"
cbbv1_c2e246d1504d9d8a80b2,controlled_track_B0_uniform_random_random_controlled_bridge_safe_s025_b20,B0_uniform_random,random_controlled_bridge_safe,25,20,unit_0077,77,770.0,780.0,0.2376433460301295,-1,0.2376433460301295,294,False,,"{""score_fusion_geometry_motion"":0.1023756997228211,""score_fusion_yolo_motion"":0.2376433460301295,""score_motion"":0.328392479066361,""score_yolo_count"":0.2222222222222222,""score_yolo_geometry"":0.0165814407355031}"
cbbv1_c2e246d1504d9d8a80b2,controlled_track_B0_uniform_random_random_controlled_bridge_safe_s025_b20,B0_uniform_random,random_controlled_bridge_safe,25,20,unit_0124,124,1240.0,1250.0,0.2366766591223457,-1,0.2366766591223457,295,False,,"{""score_fusion_geometry_motion"":0.1953584118233097,""score_fusion_yolo_motion"":0.2366766591223457,""score_motion"":0.3840543245176372,""score_yolo_count"":0.1666666666666666,""score_yolo_geometry"":0.099328920875446}"
cbbv1_c2e246d1504d9d8a80b2,controlled_track_B0_uniform_random_random_controlled_bridge_safe_s025_b20,B0_uniform_random,random_controlled_bridge_safe,25,20,unit_0312,312,3120.0,3130.0,0.2332056644913963,-1,0.2332056644913963,296,False,,"{""score_fusion_geometry_motion"":0.1893195910884643,""score_fusion_yolo_motion"":0.2332056644913963,""score_motion"":0.4357697020153934,""score_yolo_count"":0.1111111111111111,""score_yolo_geometry"":0.0677489470271046}"
cbbv1_c2e246d1504d9d8a80b2,controlled_track_B0_uniform_random_random_controlled_bridge_safe_s025_b20,B0_uniform_random,random_controlled_bridge_safe,25,20,unit_0269,269,2690.0,2700.0,0.2327908926793895,-1,0.2327908926793895,297,False,,"{""score_fusion_geometry_motion"":0.1489782335970722,""score_fusion_yolo_motion"":0.2327908926793895,""score_motion"":0.4351160748077758,""score_yolo_count"":0.1111111111111111,""score_yolo_geometry"":0.020720043325576}"
cbbv1_c2e246d1504d9d8a80b2,controlled_track_B0_uniform_random_random_controlled_bridge_safe_s025_b20,B0_uniform_random,random_controlled_bridge_safe,25,20,unit_0184,184,1840.0,1850.0,0.23217751657187,-1,0.23217751657187,298,False,,"{""score_fusion_geometry_motion"":0.1721291137811942,""score_fusion_yolo_motion"":0.23217751657187,""score_motion"":0.4913346927906294,""score_yolo_count"":0.0555555555555555,""score_yolo_geometry"":0.0212598101366812}"
cbbv1_c2e246d1504d9d8a80b2,controlled_track_B0_uniform_random_random_controlled_bridge_safe_s025_b20,B0_uniform_random,random_controlled_bridge_safe,25,20,unit_0041,41,410.0,420.0,0.2307763342169852,-1,0.2307763342169852,299,True,15,"{""score_fusion_geometry_motion"":0.1301095229774358,""score_fusion_yolo_motion"":0.2307763342169852,""score_motion"":0.4319413889100216,""score_yolo_count"":0.1111111111111111,""score_yolo_geometry"":8.22087037573545e-05}"
cbbv1_c2e246d1504d9d8a80b2,controlled_track_B0_uniform_random_random_controlled_bridge_safe_s025_b20,B0_uniform_random,random_controlled_bridge_safe,25,20,unit_0045,45,450.0,460.0,0.2283165307002384,-1,0.2283165307002384,300,False,,"{""score_fusion_geometry_motion"":0.1140640525310969,""score_fusion_yolo_motion"":0.2283165307002384,""score_motion"":0.1993241734736647,""score_yolo_count"":0.3333333333333333,""score_yolo_geometry"":0.0914271817921154}"
cbbv1_c2e246d1504d9d8a80b2,controlled_track_B0_uniform_random_random_controlled_bridge_safe_s025_b20,B0_uniform_random,random_controlled_bridge_safe,25,20,unit_0125,125,1250.0,1260.0,0.2279596651540801,-1,0.2279596651540801,301,False,,"{""score_fusion_geometry_motion"":0.1534633006563807,""score_fusion_yolo_motion"":0.2279596651540801,""score_motion"":0.3703174594237178,""score_yolo_count"":0.1666666666666666,""score_yolo_geometry"":0.0566733262270073}"
cbbv1_c2e246d1504d9d8a80b2,controlled_track_B0_uniform_random_random_controlled_bridge_safe_s025_b20,B0_uniform_random,random_controlled_bridge_safe,25,20,unit_0115,115,1150.0,1160.0,0.2274469392542031,-1,0.2274469392542031,302,False,,"{""score_fusion_geometry_motion"":0.1342665915582334,""score_fusion_yolo_motion"":0.2274469392542031,""score_motion"":0.3123242490281687,""score_yolo_count"":0.2222222222222222,""score_yolo_geometry"":0.0616140654957884}"
cbbv1_c2e246d1504d9d8a80b2,controlled_track_B0_uniform_random_random_controlled_bridge_safe_s025_b20,B0_uniform_random,random_controlled_bridge_safe,25,20,unit_0108,108,1080.0,1090.0,0.2258640605329233,-1,0.2258640605329233,303,False,,"{""score_fusion_geometry_motion"":0.0743744765366262,""score_fusion_yolo_motion"":0.2258640605329233,""score_motion"":0.2526446149651254,""score_yolo_count"":0.2777777777777778,""score_yolo_geometry"":0.0195996026634179}"
cbbv1_c2e246d1504d9d8a80b2,controlled_track_B0_uniform_random_random_controlled_bridge_safe_s025_b20,B0_uniform_random,random_controlled_bridge_safe,25,20,unit_0013,13,130.0,140.0,0.2250997724941577,-1,0.2250997724941577,304,False,,"{""score_fusion_geometry_motion"":0.064354526907596,""score_fusion_yolo_motion"":0.2250997724941577,""score_motion"":0.2514401949873622,""score_yolo_count"":0.2777777777777778,""score_yolo_geometry"":0.0084121588031977}"
cbbv1_c2e246d1504d9d8a80b2,controlled_track_B0_uniform_random_random_controlled_bridge_safe_s025_b20,B0_uniform_random,random_controlled_bridge_safe,25,20,unit_0049,49,490.0,500.0,0.2241568501416128,-1,0.2241568501416128,305,False,,"{""score_fusion_geometry_motion"":0.0889825933237549,""score_fusion_yolo_motion"":0.2241568501416128,""score_motion"":0.3071394903314022,""score_yolo_count"":0.2222222222222222,""score_yolo_geometry"":0.0109312911483092}"
cbbv1_c2e246d1504d9d8a80b2,controlled_track_B0_uniform_random_random_controlled_bridge_safe_s025_b20,B0_uniform_random,random_controlled_bridge_safe,25,20,unit_0309,309,3090.0,3100.0,0.2223967066726307,-1,0.2223967066726307,306,False,,"{""score_fusion_geometry_motion"":0.1522092288869433,""score_fusion_yolo_motion"":0.2223967066726307,""score_motion"":0.2471805097489097,""score_yolo_count"":0.2777777777777778,""score_yolo_geometry"":0.1135225645624144}"
cbbv1_c2e246d1504d9d8a80b2,controlled_track_B0_uniform_random_random_controlled_bridge_safe_s025_b20,B0_uniform_random,random_controlled_bridge_safe,25,20,unit_0118,118,1180.0,1190.0,0.2206905487907595,-1,0.2206905487907595,307,False,,"{""score_fusion_geometry_motion"":0.0824205570058707,""score_fusion_yolo_motion"":0.2206905487907595,""score_motion"":0.3016770437351457,""score_yolo_count"":0.2222222222222222,""score_yolo_geometry"":0.005818239066988}"
cbbv1_c2e246d1504d9d8a80b2,controlled_track_B0_uniform_random_random_controlled_bridge_safe_s025_b20,B0_uniform_random,random_controlled_bridge_safe,25,20,unit_0274,274,2740.0,2750.0,0.2197518488588248,-1,0.2197518488588248,308,False,,"{""score_fusion_geometry_motion"":0.0863832794838518,""score_fusion_yolo_motion"":0.2197518488588248,""score_motion"":0.3001977729709806,""score_yolo_count"":0.2222222222222222,""score_yolo_geometry"":0.0111689078316029}"
cbbv1_c2e246d1504d9d8a80b2,controlled_track_B0_uniform_random_random_controlled_bridge_safe_s025_b20,B0_uniform_random,random_controlled_bridge_safe,25,20,unit_0299,299,2990.0,3000.0,0.2196013954042124,-1,0.2196013954042124,309,False,,"{""score_fusion_geometry_motion"":0.0891769002390593,""score_fusion_yolo_motion"":0.2196013954042124,""score_motion"":0.299960677612598,""score_yolo_count"":0.2222222222222222,""score_yolo_geometry"":0.0145593705003318}"
cbbv1_c2e246d1504d9d8a80b2,controlled_track_B0_uniform_random_random_controlled_bridge_safe_s025_b20,B0_uniform_random,random_controlled_bridge_safe,25,20,unit_0110,110,1100.0,1110.0,0.2193534864188329,-1,0.2193534864188329,310,False,,"{""score_fusion_geometry_motion"":0.1365576449140871,""score_fusion_yolo_motion"":0.2193534864188329,""score_motion"":0.2423847847283702,""score_yolo_count"":0.2777777777777778,""score_yolo_geometry"":0.0974276260365296}"
cbbv1_c2e246d1504d9d8a80b2,controlled_track_B0_uniform_random_random_controlled_bridge_safe_s025_b20,B0_uniform_random,random_controlled_bridge_safe,25,20,unit_0179,179,1790.0,1800.0,0.2193469155646167,-1,0.2193469155646167,311,False,,"{""score_fusion_geometry_motion"":0.172090868201578,""score_fusion_yolo_motion"":0.2193469155646167,""score_motion"":0.5283005304135684,""score_yolo_count"":0.0,""score_yolo_geometry"":0.0037069595802176}"
cbbv1_c2e246d1504d9d8a80b2,controlled_track_B0_uniform_random_random_controlled_bridge_safe_s025_b20,B0_uniform_random,random_controlled_bridge_safe,25,20,unit_0042,42,420.0,430.0,0.2173099285516092,-1,0.2173099285516092,312,True,8,"{""score_fusion_geometry_motion"":0.0569820289641198,""score_fusion_yolo_motion"":0.2173099285516092,""score_motion"":0.23916439948595,""score_yolo_count"":0.2777777777777778,""score_yolo_geometry"":0.0055750495502697}"
cbbv1_c2e246d1504d9d8a80b2,controlled_track_B0_uniform_random_random_controlled_bridge_safe_s025_b20,B0_uniform_random,random_controlled_bridge_safe,25,20,unit_0022,22,220.0,230.0,0.214063161443651,-1,0.214063161443651,313,False,,"{""score_fusion_geometry_motion"":0.1006507406666081,""score_fusion_yolo_motion"":0.214063161443651,""score_motion"":0.3484183509188513,""score_yolo_count"":0.1666666666666666,""score_yolo_geometry"":0.0050725233532791}"
cbbv1_c2e246d1504d9d8a80b2,controlled_track_B0_uniform_random_random_controlled_bridge_safe_s025_b20,B0_uniform_random,random_controlled_bridge_safe,25,20,unit_0116,116,1160.0,1170.0,0.2096992204118551,-1,0.2096992204118551,314,False,,"{""score_fusion_geometry_motion"":0.0882612440140013,""score_fusion_yolo_motion"":0.2096992204118551,""score_motion"":0.2843561191487978,""score_yolo_count"":0.2222222222222222,""score_yolo_geometry"":0.0208756158885672}"
cbbv1_c2e246d1504d9d8a80b2,controlled_track_B0_uniform_random_random_controlled_bridge_safe_s025_b20,B0_uniform_random,random_controlled_bridge_safe,25,20,unit_0040,40,400.0,410.0,0.2070655677500126,-1,0.2070655677500126,315,False,,"{""score_fusion_geometry_motion"":0.1567405395090216,""score_fusion_yolo_motion"":0.2070655677500126,""score_motion"":0.3945762603558446,""score_yolo_count"":0.1111111111111111,""score_yolo_geometry"":0.0490294030477306}"
cbbv1_c2e246d1504d9d8a80b2,controlled_track_B0_uniform_random_random_controlled_bridge_safe_s025_b20,B0_uniform_random,random_controlled_bridge_safe,25,20,unit_0261,261,2610.0,2620.0,0.2048361559419575,-1,0.2048361559419575,316,False,,"{""score_fusion_geometry_motion"":0.1308453196746137,""score_fusion_yolo_motion"":0.2048361559419575,""score_motion"":0.2766925529229618,""score_yolo_count"":0.2222222222222222,""score_yolo_geometry"":0.0744754690630607}"
cbbv1_c2e246d1504d9d8a80b2,controlled_track_B0_uniform_random_random_controlled_bridge_safe_s025_b20,B0_uniform_random,random_controlled_bridge_safe,25,20,unit_0103,103,1030.0,1040.0,0.2011500186063365,-1,0.2011500186063365,317,False,,"{""score_fusion_geometry_motion"":0.0723861528854342,""score_fusion_yolo_motion"":0.2011500186063365,""score_motion"":0.2708836729946945,""score_yolo_count"":0.2222222222222222,""score_yolo_geometry"":0.0086279216478216}"
cbbv1_c2e246d1504d9d8a80b2,controlled_track_B0_uniform_random_random_controlled_bridge_safe_s025_b20,B0_uniform_random,random_controlled_bridge_safe,25,20,unit_0117,117,1170.0,1180.0,0.1970034637861753,-1,0.1970034637861753,318,False,,"{""score_fusion_geometry_motion"":0.08046933147377,""score_fusion_yolo_motion"":0.1970034637861753,""score_motion"":0.2643492341300513,""score_yolo_count"":0.2222222222222222,""score_yolo_geometry"":0.0212079883068018}"
cbbv1_c2e246d1504d9d8a80b2,controlled_track_B0_uniform_random_random_controlled_bridge_safe_s025_b20,B0_uniform_random,random_controlled_bridge_safe,25,20,unit_0161,161,1610.0,1620.0,0.1902821815180181,-1,0.1902821815180181,319,False,,"{""score_fusion_geometry_motion"":0.110942601294379,""score_fusion_yolo_motion"":0.1902821815180181,""score_motion"":0.3109425749542362,""score_yolo_count"":0.1666666666666666,""score_yolo_geometry"":0.0348989761376411}"
cbbv1_c2e246d1504d9d8a80b2,controlled_track_B0_uniform_random_random_controlled_bridge_safe_s025_b20,B0_uniform_random,random_controlled_bridge_safe,25,20,unit_0078,78,780.0,790.0,0.1902552441196962,-1,0.1902552441196962,320,True,1,"{""score_fusion_geometry_motion"":0.0721971553557552,""score_fusion_yolo_motion"":0.1902552441196962,""score_motion"":0.2537149049656592,""score_yolo_count"":0.2222222222222222,""score_yolo_geometry"":0.0165377129819096}"
cbbv1_c2e246d1504d9d8a80b2,controlled_track_B0_uniform_random_random_controlled_bridge_safe_s025_b20,B0_uniform_random,random_controlled_bridge_safe,25,20,unit_0127,127,1270.0,1280.0,0.1902353295331966,-1,0.1902353295331966,321,False,,"{""score_fusion_geometry_motion"":0.1197494552493488,""score_fusion_yolo_motion"":0.1902353295331966,""score_motion"":0.2536835221301149,""score_yolo_count"":0.2222222222222222,""score_yolo_geometry"":0.0723527197615946}"
cbbv1_c2e246d1504d9d8a80b2,controlled_track_B0_uniform_random_random_controlled_bridge_safe_s025_b20,B0_uniform_random,random_controlled_bridge_safe,25,20,unit_0120,120,1200.0,1210.0,0.1821303297235211,-1,0.1821303297235211,322,False,,"{""score_fusion_geometry_motion"":0.1749941648085202,""score_fusion_yolo_motion"":0.1821303297235211,""score_motion"":0.298096301482636,""score_yolo_count"":0.1666666666666666,""score_yolo_geometry"":0.1161444697597801}"
cbbv1_c2e246d1504d9d8a80b2,controlled_track_B0_uniform_random_random_controlled_bridge_safe_s025_b20,B0_uniform_random,random_controlled_bridge_safe,25,20,unit_0027,27,270.0,280.0,0.1808666536533377,-1,0.1808666536533377,323,False,,"{""score_fusion_geometry_motion"":0.0823120208106856,""score_fusion_yolo_motion"":0.1808666536533377,""score_motion"":0.2961049099821118,""score_yolo_count"":0.1666666666666666,""score_yolo_geometry"":0.0083299833507356}"
cbbv1_c2e246d1504d9d8a80b2,controlled_track_B0_uniform_random_random_controlled_bridge_safe_s025_b20,B0_uniform_random,random_controlled_bridge_safe,25,20,unit_0190,190,1900.0,1910.0,0.1775099116918057,-1,0.1775099116918057,324,True,7,"{""score_fusion_geometry_motion"":0.1029866020746796,""score_fusion_yolo_motion"":0.1775099116918057,""score_motion"":0.3480003350412317,""score_yolo_count"":0.1111111111111111,""score_yolo_geometry"":0.0080115179207455}"
cbbv1_c2e246d1504d9d8a80b2,controlled_track_B0_uniform_random_random_controlled_bridge_safe_s025_b20,B0_uniform_random,random_controlled_bridge_safe,25,20,unit_0107,107,1070.0,1080.0,0.174240617625629,-1,0.174240617625629,325,False,,"{""score_fusion_geometry_motion"":0.0267118688401957,""score_fusion_yolo_motion"":0.174240617625629,""score_motion"":0.114107466264652,""score_yolo_count"":0.3333333333333333,""score_yolo_geometry"":0.02928477559224}"
cbbv1_c2e246d1504d9d8a80b2,controlled_track_B0_uniform_random_random_controlled_bridge_safe_s025_b20,B0_uniform_random,random_controlled_bridge_safe,25,20,unit_0075,75,750.0,760.0,0.1667694624623092,-1,0.1667694624623092,326,False,,"{""score_fusion_geometry_motion"":0.2263319439529694,""score_fusion_yolo_motion"":0.1667694624623092,""score_motion"":0.102333883427737,""score_yolo_count"":0.3333333333333333,""score_yolo_geometry"":0.2691047909237598}"
cbbv1_c2e246d1504d9d8a80b2,controlled_track_B0_uniform_random_random_controlled_bridge_safe_s025_b20,B0_uniform_random,random_controlled_bridge_safe,25,20,unit_0014,14,140.0,150.0,0.1629479574223073,-1,0.1629479574223073,327,False,,"{""score_fusion_geometry_motion"":0.0649145319855429,""score_fusion_yolo_motion"":0.1629479574223073,""score_motion"":0.2678673416551533,""score_yolo_count"":0.1666666666666666,""score_yolo_geometry"":0.0012889764203419}"
cbbv1_c2e246d1504d9d8a80b2,controlled_track_B0_uniform_random_random_controlled_bridge_safe_s025_b20,B0_uniform_random,random_controlled_bridge_safe,25,20,unit_0112,112,1120.0,1130.0,0.1573500168508037,-1,0.1573500168508037,328,False,,"{""score_fusion_geometry_motion"":0.0242841177433235,""score_fusion_yolo_motion"":0.1573500168508037,""score_motion"":0.1446752646906479,""score_yolo_count"":0.2777777777777778,""score_yolo_geometry"":0.0119582408795099}"
cbbv1_c2e246d1504d9d8a80b2,controlled_track_B0_uniform_random_random_controlled_bridge_safe_s025_b20,B0_uniform_random,random_controlled_bridge_safe,25,20,unit_0092,92,920.0,930.0,0.1501237239350123,-1,0.1501237239350123,329,False,,"{""score_fusion_geometry_motion"":0.0909489802351631,""score_fusion_yolo_motion"":0.1501237239350123,""score_motion"":0.1904727734696578,""score_yolo_count"":0.2222222222222222,""score_yolo_geometry"":0.0684951010723527}"
cbbv1_c2e246d1504d9d8a80b2,controlled_track_B0_uniform_random_random_controlled_bridge_safe_s025_b20,B0_uniform_random,random_controlled_bridge_safe,25,20,unit_0325,325,3250.0,3260.0,0.1486211617835075,-1,0.1486211617835075,330,False,,"{""score_fusion_geometry_motion"":0.1421549741450138,""score_fusion_yolo_motion"":0.1486211617835075,""score_motion"":0.4168458085342367,""score_yolo_count"":0.0,""score_yolo_geometry"":0.021366572307849}"
cbbv1_c2e246d1504d9d8a80b2,controlled_track_B0_uniform_random_random_controlled_bridge_safe_s025_b20,B0_uniform_random,random_controlled_bridge_safe,25,20,unit_0129,129,1290.0,1300.0,0.1459586948044266,-1,0.1459586948044266,331,False,,"{""score_fusion_geometry_motion"":0.0745815524967968,""score_fusion_yolo_motion"":0.1459586948044266,""score_motion"":0.1839092214599408,""score_yolo_count"":0.2222222222222222,""score_yolo_geometry"":0.052397445560133}"
cbbv1_c2e246d1504d9d8a80b2,controlled_track_B0_uniform_random_random_controlled_bridge_safe_s025_b20,B0_uniform_random,random_controlled_bridge_safe,25,20,unit_0039,39,390.0,400.0,0.1399855958768054,-1,0.1399855958768054,332,False,,"{""score_fusion_geometry_motion"":0.0957510670260992,""score_fusion_yolo_motion"":0.1399855958768054,""score_motion"":0.2888668234237119,""score_yolo_count"":0.1111111111111111,""score_yolo_geometry"":0.0275281468914888}"
cbbv1_c2e246d1504d9d8a80b2,controlled_track_B0_uniform_random_random_controlled_bridge_safe_s025_b20,B0_uniform_random,random_controlled_bridge_safe,25,20,unit_0021,21,210.0,220.0,0.1394627756615505,-1,0.1394627756615505,333,False,,"{""score_fusion_geometry_motion"":0.085005440734751,""score_fusion_yolo_motion"":0.1394627756615505,""score_motion"":0.288042925782911,""score_yolo_count"":0.1111111111111111,""score_yolo_geometry"":0.0153089341626678}"
cbbv1_c2e246d1504d9d8a80b2,controlled_track_B0_uniform_random_random_controlled_bridge_safe_s025_b20,B0_uniform_random,random_controlled_bridge_safe,25,20,unit_0191,191,1910.0,1920.0,0.1357275151365281,-1,0.1357275151365281,334,False,,"{""score_fusion_geometry_motion"":0.0575455071491717,""score_fusion_yolo_motion"":0.1357275151365281,""score_motion"":0.2249714139032421,""score_yolo_count"":0.1666666666666666,""score_yolo_geometry"":0.0129584247819672}"
cbbv1_c2e246d1504d9d8a80b2,controlled_track_B0_uniform_random_random_controlled_bridge_safe_s025_b20,B0_uniform_random,random_controlled_bridge_safe,25,20,unit_0012,12,120.0,130.0,0.1277666661076804,-1,0.1277666661076804,335,False,,"{""score_fusion_geometry_motion"":0.0474965663175006,""score_fusion_yolo_motion"":0.1277666661076804,""score_motion"":0.2124261363063484,""score_yolo_count"":0.1666666666666666,""score_yolo_geometry"":0.0071082830839464}"
cbbv1_c2e246d1504d9d8a80b2,controlled_track_B0_uniform_random_random_controlled_bridge_safe_s025_b20,B0_uniform_random,random_controlled_bridge_safe,25,20,unit_0194,194,1940.0,1950.0,0.1216544296678773,-1,0.1216544296678773,336,False,,"{""score_fusion_geometry_motion"":0.1600280943571496,""score_fusion_yolo_motion"":0.1216544296678773,""score_motion"":0.3743496954882873,""score_yolo_count"":0.0,""score_yolo_geometry"":0.0624669984424158}"
cbbv1_c2e246d1504d9d8a80b2,controlled_track_B0_uniform_random_random_controlled_bridge_safe_s025_b20,B0_uniform_random,random_controlled_bridge_safe,25,20,unit_0111,111,1110.0,1120.0,0.1211149143087028,-1,0.1211149143087028,337,False,,"{""score_fusion_geometry_motion"":0.0,""score_fusion_yolo_motion"":0.1211149143087028,""score_motion"":0.0875733879316105,""score_yolo_count"":0.2777777777777778,""score_yolo_geometry"":0.0105070129866494}"
cbbv1_c2e246d1504d9d8a80b2,controlled_track_B0_uniform_random_random_controlled_bridge_safe_s025_b20,B0_uniform_random,random_controlled_bridge_safe,25,20,unit_0048,48,480.0,490.0,0.1100866956360951,-1,0.1100866956360951,338,False,,"{""score_fusion_geometry_motion"":0.0419546342765823,""score_fusion_yolo_motion"":0.1100866956360951,""score_motion"":0.1845647691748797,""score_yolo_count"":0.1666666666666666,""score_yolo_geometry"":0.0138009749593862}"
cbbv1_c2e246d1504d9d8a80b2,controlled_track_B0_uniform_random_random_controlled_bridge_safe_s025_b20,B0_uniform_random,random_controlled_bridge_safe,25,20,unit_0183,183,1830.0,1840.0,0.1053510431355207,-1,0.1053510431355207,339,False,,"{""score_fusion_geometry_motion"":0.1238276265510327,""score_fusion_yolo_motion"":0.1053510431355207,""score_motion"":0.2914724280838753,""score_yolo_count"":0.0555555555555555,""score_yolo_geometry"":0.0592404433280085}"
cbbv1_c2e246d1504d9d8a80b2,controlled_track_B0_uniform_random_random_controlled_bridge_safe_s025_b20,B0_uniform_random,random_controlled_bridge_safe,25,20,unit_0081,81,810.0,820.0,0.1039355841251171,-1,0.1039355841251171,340,False,,"{""score_fusion_geometry_motion"":0.0877083770144903,""score_fusion_yolo_motion"":0.1039355841251171,""score_motion"":0.2892418461260727,""score_yolo_count"":0.0555555555555555,""score_yolo_geometry"":0.0179128493636915}"
cbbv1_c2e246d1504d9d8a80b2,controlled_track_B0_uniform_random_random_controlled_bridge_safe_s025_b20,B0_uniform_random,random_controlled_bridge_safe,25,20,unit_0119,119,1190.0,1200.0,0.097588272147466,-1,0.097588272147466,341,False,,"{""score_fusion_geometry_motion"":0.2405567896085225,""score_fusion_yolo_motion"":0.097588272147466,""score_motion"":0.2220540759865306,""score_yolo_count"":0.1111111111111111,""score_yolo_geometry"":0.229094343082394}"
cbbv1_c2e246d1504d9d8a80b2,controlled_track_B0_uniform_random_random_controlled_bridge_safe_s025_b20,B0_uniform_random,random_controlled_bridge_safe,25,20,unit_0310,310,3100.0,3110.0,0.0922511505826963,-1,0.0922511505826963,342,True,11,"{""score_fusion_geometry_motion"":0.1261399158691378,""score_fusion_yolo_motion"":0.0922511505826963,""score_motion"":0.270828676648678,""score_yolo_count"":0.0555555555555555,""score_yolo_geometry"":0.0717312057914397}"
cbbv1_c2e246d1504d9d8a80b2,controlled_track_B0_uniform_random_random_controlled_bridge_safe_s025_b20,B0_uniform_random,random_controlled_bridge_safe,25,20,unit_0126,126,1260.0,1270.0,0.084926140428616,-1,0.084926140428616,343,False,,"{""score_fusion_geometry_motion"":0.044064810253316,""score_fusion_yolo_motion"":0.084926140428616,""score_motion"":0.2021001795106922,""score_yolo_count"":0.1111111111111111,""score_yolo_geometry"":0.0079719350770318}"
cbbv1_c2e246d1504d9d8a80b2,controlled_track_B0_uniform_random_random_controlled_bridge_safe_s025_b20,B0_uniform_random,random_controlled_bridge_safe,25,20,unit_0193,193,1930.0,1940.0,0.0470346125416156,-1,0.0470346125416156,344,False,,"{""score_fusion_geometry_motion"":0.1730371072174348,""score_fusion_yolo_motion"":0.0470346125416156,""score_motion"":0.2567584289429531,""score_yolo_count"":0.0,""score_yolo_geometry"":0.133426644316925}"
cbbv1_c2e246d1504d9d8a80b2,controlled_track_B0_uniform_random_random_controlled_bridge_safe_s025_b20,B0_uniform_random,random_controlled_bridge_safe,25,20,unit_0199,199,1990.0,2000.0,0.0292555341331933,-1,0.0292555341331933,345,False,,"{""score_fusion_geometry_motion"":0.0881427329516665,""score_fusion_yolo_motion"":0.0292555341331933,""score_motion"":0.0,""score_yolo_count"":0.2222222222222222,""score_yolo_geometry"":0.1554149202737009}"
cbbv1_c2e246d1504d9d8a80b2,controlled_track_B0_uniform_random_random_controlled_bridge_safe_s025_b20,B0_uniform_random,random_controlled_bridge_safe,25,20,unit_0128,128,1280.0,1290.0,0.0189212945649883,-1,0.0189212945649883,346,False,,"{""score_fusion_geometry_motion"":0.0810689773210054,""score_fusion_yolo_motion"":0.0189212945649883,""score_motion"":0.155270223454955,""score_yolo_count"":0.0555555555555555,""score_yolo_geometry"":0.0735742661104388}"
cbbv1_c2e246d1504d9d8a80b2,controlled_track_B0_uniform_random_random_controlled_bridge_safe_s025_b20,B0_uniform_random,random_controlled_bridge_safe,25,20,unit_0130,130,1300.0,1310.0,0.0,-1,0.0,347,False,,"{""score_fusion_geometry_motion"":0.0719755284379904,""score_fusion_yolo_motion"":0.0,""score_motion"":0.1254526886731489,""score_yolo_count"":0.0555555555555555,""score_yolo_geometry"":0.0770259295655702}"
