benchmark_id,run_id,method,method_variant,seed,horizon_budget,event_id,start_time,core_start_time,core_end_time,end_time,anchor_unit_ids,evidence_unit_ids,num_positive_anchors,num_negative_barriers,verification_state,confidence,returned_seconds,materializer,materializer_config_hash,prefix_call_idx
cbbv1_c2e246d1504d9d8a80b2,controlled_track_B3_ARC_adapted_arc_refinement_th0.4_controlled_s002_b80,B3_ARC_adapted,arc_refinement_th0.4_controlled,2,80,controlled_track_B3_ARC_adapted_arc_refinement_th0.4_controlled_s002_b80_event_0000,3310.0,3310.0,3320.0,3320.0,331,331,1,0,oracle_confirmed,1.0,10.0,k3_bridge_safe,dbdfb47e221ddd8c9f45f0ad268d380bd3f8c6fb2155bd8469807d85132a631c,9
cbbv1_c2e246d1504d9d8a80b2,controlled_track_B3_ARC_adapted_arc_refinement_th0.4_controlled_s002_b80,B3_ARC_adapted,arc_refinement_th0.4_controlled,2,80,controlled_track_B3_ARC_adapted_arc_refinement_th0.4_controlled_s002_b80_event_0000,3310.0,3310.0,3320.0,3320.0,331,331,1,0,oracle_confirmed,1.0,10.0,k3_bridge_safe,dbdfb47e221ddd8c9f45f0ad268d380bd3f8c6fb2155bd8469807d85132a631c,10
cbbv1_c2e246d1504d9d8a80b2,controlled_track_B3_ARC_adapted_arc_refinement_th0.4_controlled_s002_b80,B3_ARC_adapted,arc_refinement_th0.4_controlled,2,80,controlled_track_B3_ARC_adapted_arc_refinement_th0.4_controlled_s002_b80_event_0000,1850.0,1850.0,1860.0,1860.0,185,185,1,0,oracle_confirmed,1.0,10.0,k3_bridge_safe,dbdfb47e221ddd8c9f45f0ad268d380bd3f8c6fb2155bd8469807d85132a631c,11
cbbv1_c2e246d1504d9d8a80b2,controlled_track_B3_ARC_adapted_arc_refinement_th0.4_controlled_s002_b80,B3_ARC_adapted,arc_refinement_th0.4_controlled,2,80,controlled_track_B3_ARC_adapted_arc_refinement_th0.4_controlled_s002_b80_event_0001,3310.0,3310.0,3320.0,3320.0,331,331,1,0,oracle_confirmed,1.0,10.0,k3_bridge_safe,dbdfb47e221ddd8c9f45f0ad268d380bd3f8c6fb2155bd8469807d85132a631c,11
cbbv1_c2e246d1504d9d8a80b2,controlled_track_B3_ARC_adapted_arc_refinement_th0.4_controlled_s002_b80,B3_ARC_adapted,arc_refinement_th0.4_controlled,2,80,controlled_track_B3_ARC_adapted_arc_refinement_th0.4_controlled_s002_b80_event_0000,1850.0,1850.0,1860.0,1860.0,185,185,1,0,oracle_confirmed,1.0,10.0,k3_bridge_safe,dbdfb47e221ddd8c9f45f0ad268d380bd3f8c6fb2155bd8469807d85132a631c,12
cbbv1_c2e246d1504d9d8a80b2,controlled_track_B3_ARC_adapted_arc_refinement_th0.4_controlled_s002_b80,B3_ARC_adapted,arc_refinement_th0.4_controlled,2,80,controlled_track_B3_ARC_adapted_arc_refinement_th0.4_controlled_s002_b80_event_0001,3310.0,3310.0,3320.0,3320.0,331,331,1,0,oracle_confirmed,1.0,10.0,k3_bridge_safe,dbdfb47e221ddd8c9f45f0ad268d380bd3f8c6fb2155bd8469807d85132a631c,12
cbbv1_c2e246d1504d9d8a80b2,controlled_track_B3_ARC_adapted_arc_refinement_th0.4_controlled_s002_b80,B3_ARC_adapted,arc_refinement_th0.4_controlled,2,80,controlled_track_B3_ARC_adapted_arc_refinement_th0.4_controlled_s002_b80_event_0000,1850.0,1850.0,1860.0,1860.0,185,185,1,0,oracle_confirmed,1.0,10.0,k3_bridge_safe,dbdfb47e221ddd8c9f45f0ad268d380bd3f8c6fb2155bd8469807d85132a631c,13
cbbv1_c2e246d1504d9d8a80b2,controlled_track_B3_ARC_adapted_arc_refinement_th0.4_controlled_s002_b80,B3_ARC_adapted,arc_refinement_th0.4_controlled,2,80,controlled_track_B3_ARC_adapted_arc_refinement_th0.4_controlled_s002_b80_event_0001,3310.0,3310.0,3320.0,3320.0,331,331,1,0,oracle_confirmed,1.0,10.0,k3_bridge_safe,dbdfb47e221ddd8c9f45f0ad268d380bd3f8c6fb2155bd8469807d85132a631c,13
cbbv1_c2e246d1504d9d8a80b2,controlled_track_B3_ARC_adapted_arc_refinement_th0.4_controlled_s002_b80,B3_ARC_adapted,arc_refinement_th0.4_controlled,2,80,controlled_track_B3_ARC_adapted_arc_refinement_th0.4_controlled_s002_b80_event_0000,1850.0,1850.0,1860.0,1860.0,185,185,1,0,oracle_confirmed,1.0,10.0,k3_bridge_safe,dbdfb47e221ddd8c9f45f0ad268d380bd3f8c6fb2155bd8469807d85132a631c,14
cbbv1_c2e246d1504d9d8a80b2,controlled_track_B3_ARC_adapted_arc_refinement_th0.4_controlled_s002_b80,B3_ARC_adapted,arc_refinement_th0.4_controlled,2,80,controlled_track_B3_ARC_adapted_arc_refinement_th0.4_controlled_s002_b80_event_0001,3310.0,3310.0,3320.0,3320.0,331,331,1,0,oracle_confirmed,1.0,10.0,k3_bridge_safe,dbdfb47e221ddd8c9f45f0ad268d380bd3f8c6fb2155bd8469807d85132a631c,14
cbbv1_c2e246d1504d9d8a80b2,controlled_track_B3_ARC_adapted_arc_refinement_th0.4_controlled_s002_b80,B3_ARC_adapted,arc_refinement_th0.4_controlled,2,80,controlled_track_B3_ARC_adapted_arc_refinement_th0.4_controlled_s002_b80_event_0000,1850.0,1850.0,1860.0,1860.0,185,185,1,0,oracle_confirmed,1.0,10.0,k3_bridge_safe,dbdfb47e221ddd8c9f45f0ad268d380bd3f8c6fb2155bd8469807d85132a631c,15
cbbv1_c2e246d1504d9d8a80b2,controlled_track_B3_ARC_adapted_arc_refinement_th0.4_controlled_s002_b80,B3_ARC_adapted,arc_refinement_th0.4_controlled,2,80,controlled_track_B3_ARC_adapted_arc_refinement_th0.4_controlled_s002_b80_event_0001,3310.0,3310.0,3320.0,3320.0,331,331,1,0,oracle_confirmed,1.0,10.0,k3_bridge_safe,dbdfb47e221ddd8c9f45f0ad268d380bd3f8c6fb2155bd8469807d85132a631c,15
cbbv1_c2e246d1504d9d8a80b2,controlled_track_B3_ARC_adapted_arc_refinement_th0.4_controlled_s002_b80,B3_ARC_adapted,arc_refinement_th0.4_controlled,2,80,controlled_track_B3_ARC_adapted_arc_refinement_th0.4_controlled_s002_b80_event_0000,1850.0,1850.0,1860.0,1860.0,185,185,1,0,oracle_confirmed,1.0,10.0,k3_bridge_safe,dbdfb47e221ddd8c9f45f0ad268d380bd3f8c6fb2155bd8469807d85132a631c,16
cbbv1_c2e246d1504d9d8a80b2,controlled_track_B3_ARC_adapted_arc_refinement_th0.4_controlled_s002_b80,B3_ARC_adapted,arc_refinement_th0.4_controlled,2,80,controlled_track_B3_ARC_adapted_arc_refinement_th0.4_controlled_s002_b80_event_0001,3310.0,3310.0,3320.0,3320.0,331,331,1,0,oracle_confirmed,1.0,10.0,k3_bridge_safe,dbdfb47e221ddd8c9f45f0ad268d380bd3f8c6fb2155bd8469807d85132a631c,16
cbbv1_c2e246d1504d9d8a80b2,controlled_track_B3_ARC_adapted_arc_refinement_th0.4_controlled_s002_b80,B3_ARC_adapted,arc_refinement_th0.4_controlled,2,80,controlled_track_B3_ARC_adapted_arc_refinement_th0.4_controlled_s002_b80_event_0000,1850.0,1850.0,1860.0,1860.0,185,185,1,0,oracle_confirmed,1.0,10.0,k3_bridge_safe,dbdfb47e221ddd8c9f45f0ad268d380bd3f8c6fb2155bd8469807d85132a631c,17
cbbv1_c2e246d1504d9d8a80b2,controlled_track_B3_ARC_adapted_arc_refinement_th0.4_controlled_s002_b80,B3_ARC_adapted,arc_refinement_th0.4_controlled,2,80,controlled_track_B3_ARC_adapted_arc_refinement_th0.4_controlled_s002_b80_event_0001,3310.0,3310.0,3320.0,3320.0,331,331,1,0,oracle_confirmed,1.0,10.0,k3_bridge_safe,dbdfb47e221ddd8c9f45f0ad268d380bd3f8c6fb2155bd8469807d85132a631c,17
cbbv1_c2e246d1504d9d8a80b2,controlled_track_B3_ARC_adapted_arc_refinement_th0.4_controlled_s002_b80,B3_ARC_adapted,arc_refinement_th0.4_controlled,2,80,controlled_track_B3_ARC_adapted_arc_refinement_th0.4_controlled_s002_b80_event_0000,1850.0,1850.0,1860.0,1860.0,185,185,1,0,oracle_confirmed,1.0,10.0,k3_bridge_safe,dbdfb47e221ddd8c9f45f0ad268d380bd3f8c6fb2155bd8469807d85132a631c,18
cbbv1_c2e246d1504d9d8a80b2,controlled_track_B3_ARC_adapted_arc_refinement_th0.4_controlled_s002_b80,B3_ARC_adapted,arc_refinement_th0.4_controlled,2,80,controlled_track_B3_ARC_adapted_arc_refinement_th0.4_controlled_s002_b80_event_0001,3310.0,3310.0,3320.0,3320.0,331,331,1,0,oracle_confirmed,1.0,10.0,k3_bridge_safe,dbdfb47e221ddd8c9f45f0ad268d380bd3f8c6fb2155bd8469807d85132a631c,18
cbbv1_c2e246d1504d9d8a80b2,controlled_track_B3_ARC_adapted_arc_refinement_th0.4_controlled_s002_b80,B3_ARC_adapted,arc_refinement_th0.4_controlled,2,80,controlled_track_B3_ARC_adapted_arc_refinement_th0.4_controlled_s002_b80_event_0000,1850.0,1850.0,1860.0,1860.0,185,185,1,0,oracle_confirmed,1.0,10.0,k3_bridge_safe,dbdfb47e221ddd8c9f45f0ad268d380bd3f8c6fb2155bd8469807d85132a631c,19
cbbv1_c2e246d1504d9d8a80b2,controlled_track_B3_ARC_adapted_arc_refinement_th0.4_controlled_s002_b80,B3_ARC_adapted,arc_refinement_th0.4_controlled,2,80,controlled_track_B3_ARC_adapted_arc_refinement_th0.4_controlled_s002_b80_event_0001,3310.0,3310.0,3320.0,3320.0,331,331,1,0,oracle_confirmed,1.0,10.0,k3_bridge_safe,dbdfb47e221ddd8c9f45f0ad268d380bd3f8c6fb2155bd8469807d85132a631c,19
cbbv1_c2e246d1504d9d8a80b2,controlled_track_B3_ARC_adapted_arc_refinement_th0.4_controlled_s002_b80,B3_ARC_adapted,arc_refinement_th0.4_controlled,2,80,controlled_track_B3_ARC_adapted_arc_refinement_th0.4_controlled_s002_b80_event_0000,1850.0,1850.0,1860.0,1860.0,185,185,1,0,oracle_confirmed,1.0,10.0,k3_bridge_safe,dbdfb47e221ddd8c9f45f0ad268d380bd3f8c6fb2155bd8469807d85132a631c,20
cbbv1_c2e246d1504d9d8a80b2,controlled_track_B3_ARC_adapted_arc_refinement_th0.4_controlled_s002_b80,B3_ARC_adapted,arc_refinement_th0.4_controlled,2,80,controlled_track_B3_ARC_adapted_arc_refinement_th0.4_controlled_s002_b80_event_0001,3310.0,3310.0,3320.0,3320.0,331,331,1,0,oracle_confirmed,1.0,10.0,k3_bridge_safe,dbdfb47e221ddd8c9f45f0ad268d380bd3f8c6fb2155bd8469807d85132a631c,20
cbbv1_c2e246d1504d9d8a80b2,controlled_track_B3_ARC_adapted_arc_refinement_th0.4_controlled_s002_b80,B3_ARC_adapted,arc_refinement_th0.4_controlled,2,80,controlled_track_B3_ARC_adapted_arc_refinement_th0.4_controlled_s002_b80_event_0000,1850.0,1850.0,1860.0,1860.0,185,185,1,0,oracle_confirmed,1.0,10.0,k3_bridge_safe,dbdfb47e221ddd8c9f45f0ad268d380bd3f8c6fb2155bd8469807d85132a631c,21
cbbv1_c2e246d1504d9d8a80b2,controlled_track_B3_ARC_adapted_arc_refinement_th0.4_controlled_s002_b80,B3_ARC_adapted,arc_refinement_th0.4_controlled,2,80,controlled_track_B3_ARC_adapted_arc_refinement_th0.4_controlled_s002_b80_event_0001,3310.0,3310.0,3320.0,3320.0,331,331,1,0,oracle_confirmed,1.0,10.0,k3_bridge_safe,dbdfb47e221ddd8c9f45f0ad268d380bd3f8c6fb2155bd8469807d85132a631c,21
cbbv1_c2e246d1504d9d8a80b2,controlled_track_B3_ARC_adapted_arc_refinement_th0.4_controlled_s002_b80,B3_ARC_adapted,arc_refinement_th0.4_controlled,2,80,controlled_track_B3_ARC_adapted_arc_refinement_th0.4_controlled_s002_b80_event_0000,1850.0,1850.0,1860.0,1860.0,185,185,1,0,oracle_confirmed,1.0,10.0,k3_bridge_safe,dbdfb47e221ddd8c9f45f0ad268d380bd3f8c6fb2155bd8469807d85132a631c,22
cbbv1_c2e246d1504d9d8a80b2,controlled_track_B3_ARC_adapted_arc_refinement_th0.4_controlled_s002_b80,B3_ARC_adapted,arc_refinement_th0.4_controlled,2,80,controlled_track_B3_ARC_adapted_arc_refinement_th0.4_controlled_s002_b80_event_0001,3310.0,3310.0,3320.0,3320.0,331,331,1,0,oracle_confirmed,1.0,10.0,k3_bridge_safe,dbdfb47e221ddd8c9f45f0ad268d380bd3f8c6fb2155bd8469807d85132a631c,22
cbbv1_c2e246d1504d9d8a80b2,controlled_track_B3_ARC_adapted_arc_refinement_th0.4_controlled_s002_b80,B3_ARC_adapted,arc_refinement_th0.4_controlled,2,80,controlled_track_B3_ARC_adapted_arc_refinement_th0.4_controlled_s002_b80_event_0000,1850.0,1850.0,1860.0,1860.0,185,185,1,0,oracle_confirmed,1.0,10.0,k3_bridge_safe,dbdfb47e221ddd8c9f45f0ad268d380bd3f8c6fb2155bd8469807d85132a631c,23
cbbv1_c2e246d1504d9d8a80b2,controlled_track_B3_ARC_adapted_arc_refinement_th0.4_controlled_s002_b80,B3_ARC_adapted,arc_refinement_th0.4_controlled,2,80,controlled_track_B3_ARC_adapted_arc_refinement_th0.4_controlled_s002_b80_event_0001,3310.0,3310.0,3320.0,3320.0,331,331,1,0,oracle_confirmed,1.0,10.0,k3_bridge_safe,dbdfb47e221ddd8c9f45f0ad268d380bd3f8c6fb2155bd8469807d85132a631c,23
cbbv1_c2e246d1504d9d8a80b2,controlled_track_B3_ARC_adapted_arc_refinement_th0.4_controlled_s002_b80,B3_ARC_adapted,arc_refinement_th0.4_controlled,2,80,controlled_track_B3_ARC_adapted_arc_refinement_th0.4_controlled_s002_b80_event_0000,1850.0,1850.0,1860.0,1860.0,185,185,1,0,oracle_confirmed,1.0,10.0,k3_bridge_safe,dbdfb47e221ddd8c9f45f0ad268d380bd3f8c6fb2155bd8469807d85132a631c,24
cbbv1_c2e246d1504d9d8a80b2,controlled_track_B3_ARC_adapted_arc_refinement_th0.4_controlled_s002_b80,B3_ARC_adapted,arc_refinement_th0.4_controlled,2,80,controlled_track_B3_ARC_adapted_arc_refinement_th0.4_controlled_s002_b80_event_0001,3310.0,3310.0,3320.0,3320.0,331,331,1,0,oracle_confirmed,1.0,10.0,k3_bridge_safe,dbdfb47e221ddd8c9f45f0ad268d380bd3f8c6fb2155bd8469807d85132a631c,24
cbbv1_c2e246d1504d9d8a80b2,controlled_track_B3_ARC_adapted_arc_refinement_th0.4_controlled_s002_b80,B3_ARC_adapted,arc_refinement_th0.4_controlled,2,80,controlled_track_B3_ARC_adapted_arc_refinement_th0.4_controlled_s002_b80_event_0000,1850.0,1850.0,1860.0,1860.0,185,185,1,0,oracle_confirmed,1.0,10.0,k3_bridge_safe,dbdfb47e221ddd8c9f45f0ad268d380bd3f8c6fb2155bd8469807d85132a631c,25
cbbv1_c2e246d1504d9d8a80b2,controlled_track_B3_ARC_adapted_arc_refinement_th0.4_controlled_s002_b80,B3_ARC_adapted,arc_refinement_th0.4_controlled,2,80,controlled_track_B3_ARC_adapted_arc_refinement_th0.4_controlled_s002_b80_event_0001,3310.0,3310.0,3320.0,3320.0,331,331,1,0,oracle_confirmed,1.0,10.0,k3_bridge_safe,dbdfb47e221ddd8c9f45f0ad268d380bd3f8c6fb2155bd8469807d85132a631c,25
cbbv1_c2e246d1504d9d8a80b2,controlled_track_B3_ARC_adapted_arc_refinement_th0.4_controlled_s002_b80,B3_ARC_adapted,arc_refinement_th0.4_controlled,2,80,controlled_track_B3_ARC_adapted_arc_refinement_th0.4_controlled_s002_b80_event_0000,1850.0,1850.0,1860.0,1860.0,185,185,1,0,oracle_confirmed,1.0,10.0,k3_bridge_safe,dbdfb47e221ddd8c9f45f0ad268d380bd3f8c6fb2155bd8469807d85132a631c,26
cbbv1_c2e246d1504d9d8a80b2,controlled_track_B3_ARC_adapted_arc_refinement_th0.4_controlled_s002_b80,B3_ARC_adapted,arc_refinement_th0.4_controlled,2,80,controlled_track_B3_ARC_adapted_arc_refinement_th0.4_controlled_s002_b80_event_0001,3310.0,3310.0,3320.0,3320.0,331,331,1,0,oracle_confirmed,1.0,10.0,k3_bridge_safe,dbdfb47e221ddd8c9f45f0ad268d380bd3f8c6fb2155bd8469807d85132a631c,26
cbbv1_c2e246d1504d9d8a80b2,controlled_track_B3_ARC_adapted_arc_refinement_th0.4_controlled_s002_b80,B3_ARC_adapted,arc_refinement_th0.4_controlled,2,80,controlled_track_B3_ARC_adapted_arc_refinement_th0.4_controlled_s002_b80_event_0000,1850.0,1850.0,1860.0,1860.0,185,185,1,0,oracle_confirmed,1.0,10.0,k3_bridge_safe,dbdfb47e221ddd8c9f45f0ad268d380bd3f8c6fb2155bd8469807d85132a631c,27
cbbv1_c2e246d1504d9d8a80b2,controlled_track_B3_ARC_adapted_arc_refinement_th0.4_controlled_s002_b80,B3_ARC_adapted,arc_refinement_th0.4_controlled,2,80,controlled_track_B3_ARC_adapted_arc_refinement_th0.4_controlled_s002_b80_event_0001,3310.0,3310.0,3320.0,3320.0,331,331,1,0,oracle_confirmed,1.0,10.0,k3_bridge_safe,dbdfb47e221ddd8c9f45f0ad268d380bd3f8c6fb2155bd8469807d85132a631c,27
cbbv1_c2e246d1504d9d8a80b2,controlled_track_B3_ARC_adapted_arc_refinement_th0.4_controlled_s002_b80,B3_ARC_adapted,arc_refinement_th0.4_controlled,2,80,controlled_track_B3_ARC_adapted_arc_refinement_th0.4_controlled_s002_b80_event_0000,1850.0,1850.0,1860.0,1860.0,185,185,1,0,oracle_confirmed,1.0,10.0,k3_bridge_safe,dbdfb47e221ddd8c9f45f0ad268d380bd3f8c6fb2155bd8469807d85132a631c,28
cbbv1_c2e246d1504d9d8a80b2,controlled_track_B3_ARC_adapted_arc_refinement_th0.4_controlled_s002_b80,B3_ARC_adapted,arc_refinement_th0.4_controlled,2,80,controlled_track_B3_ARC_adapted_arc_refinement_th0.4_controlled_s002_b80_event_0001,3310.0,3310.0,3320.0,3320.0,331,331,1,0,oracle_confirmed,1.0,10.0,k3_bridge_safe,dbdfb47e221ddd8c9f45f0ad268d380bd3f8c6fb2155bd8469807d85132a631c,28
cbbv1_c2e246d1504d9d8a80b2,controlled_track_B3_ARC_adapted_arc_refinement_th0.4_controlled_s002_b80,B3_ARC_adapted,arc_refinement_th0.4_controlled,2,80,controlled_track_B3_ARC_adapted_arc_refinement_th0.4_controlled_s002_b80_event_0000,1850.0,1850.0,1860.0,1860.0,185,185,1,0,oracle_confirmed,1.0,10.0,k3_bridge_safe,dbdfb47e221ddd8c9f45f0ad268d380bd3f8c6fb2155bd8469807d85132a631c,29
cbbv1_c2e246d1504d9d8a80b2,controlled_track_B3_ARC_adapted_arc_refinement_th0.4_controlled_s002_b80,B3_ARC_adapted,arc_refinement_th0.4_controlled,2,80,controlled_track_B3_ARC_adapted_arc_refinement_th0.4_controlled_s002_b80_event_0001,3310.0,3310.0,3320.0,3320.0,331,331,1,0,oracle_confirmed,1.0,10.0,k3_bridge_safe,dbdfb47e221ddd8c9f45f0ad268d380bd3f8c6fb2155bd8469807d85132a631c,29
cbbv1_c2e246d1504d9d8a80b2,controlled_track_B3_ARC_adapted_arc_refinement_th0.4_controlled_s002_b80,B3_ARC_adapted,arc_refinement_th0.4_controlled,2,80,controlled_track_B3_ARC_adapted_arc_refinement_th0.4_controlled_s002_b80_event_0000,1850.0,1850.0,1860.0,1860.0,185,185,1,0,oracle_confirmed,1.0,10.0,k3_bridge_safe,dbdfb47e221ddd8c9f45f0ad268d380bd3f8c6fb2155bd8469807d85132a631c,30
cbbv1_c2e246d1504d9d8a80b2,controlled_track_B3_ARC_adapted_arc_refinement_th0.4_controlled_s002_b80,B3_ARC_adapted,arc_refinement_th0.4_controlled,2,80,controlled_track_B3_ARC_adapted_arc_refinement_th0.4_controlled_s002_b80_event_0001,3310.0,3310.0,3320.0,3320.0,331,331,1,0,oracle_confirmed,1.0,10.0,k3_bridge_safe,dbdfb47e221ddd8c9f45f0ad268d380bd3f8c6fb2155bd8469807d85132a631c,30
cbbv1_c2e246d1504d9d8a80b2,controlled_track_B3_ARC_adapted_arc_refinement_th0.4_controlled_s002_b80,B3_ARC_adapted,arc_refinement_th0.4_controlled,2,80,controlled_track_B3_ARC_adapted_arc_refinement_th0.4_controlled_s002_b80_event_0000,1850.0,1850.0,1860.0,1860.0,185,185,1,0,oracle_confirmed,1.0,10.0,k3_bridge_safe,dbdfb47e221ddd8c9f45f0ad268d380bd3f8c6fb2155bd8469807d85132a631c,31
cbbv1_c2e246d1504d9d8a80b2,controlled_track_B3_ARC_adapted_arc_refinement_th0.4_controlled_s002_b80,B3_ARC_adapted,arc_refinement_th0.4_controlled,2,80,controlled_track_B3_ARC_adapted_arc_refinement_th0.4_controlled_s002_b80_event_0001,3310.0,3310.0,3320.0,3320.0,331,331,1,0,oracle_confirmed,1.0,10.0,k3_bridge_safe,dbdfb47e221ddd8c9f45f0ad268d380bd3f8c6fb2155bd8469807d85132a631c,31
cbbv1_c2e246d1504d9d8a80b2,controlled_track_B3_ARC_adapted_arc_refinement_th0.4_controlled_s002_b80,B3_ARC_adapted,arc_refinement_th0.4_controlled,2,80,controlled_track_B3_ARC_adapted_arc_refinement_th0.4_controlled_s002_b80_event_0000,1850.0,1850.0,1860.0,1860.0,185,185,1,0,oracle_confirmed,1.0,10.0,k3_bridge_safe,dbdfb47e221ddd8c9f45f0ad268d380bd3f8c6fb2155bd8469807d85132a631c,32
cbbv1_c2e246d1504d9d8a80b2,controlled_track_B3_ARC_adapted_arc_refinement_th0.4_controlled_s002_b80,B3_ARC_adapted,arc_refinement_th0.4_controlled,2,80,controlled_track_B3_ARC_adapted_arc_refinement_th0.4_controlled_s002_b80_event_0001,3170.0,3170.0,3180.0,3180.0,317,317,1,0,oracle_confirmed,1.0,10.0,k3_bridge_safe,dbdfb47e221ddd8c9f45f0ad268d380bd3f8c6fb2155bd8469807d85132a631c,32
cbbv1_c2e246d1504d9d8a80b2,controlled_track_B3_ARC_adapted_arc_refinement_th0.4_controlled_s002_b80,B3_ARC_adapted,arc_refinement_th0.4_controlled,2,80,controlled_track_B3_ARC_adapted_arc_refinement_th0.4_controlled_s002_b80_event_0002,3310.0,3310.0,3320.0,3320.0,331,331,1,0,oracle_confirmed,1.0,10.0,k3_bridge_safe,dbdfb47e221ddd8c9f45f0ad268d380bd3f8c6fb2155bd8469807d85132a631c,32
cbbv1_c2e246d1504d9d8a80b2,controlled_track_B3_ARC_adapted_arc_refinement_th0.4_controlled_s002_b80,B3_ARC_adapted,arc_refinement_th0.4_controlled,2,80,controlled_track_B3_ARC_adapted_arc_refinement_th0.4_controlled_s002_b80_event_0000,1850.0,1850.0,1860.0,1860.0,185,185,1,0,oracle_confirmed,1.0,10.0,k3_bridge_safe,dbdfb47e221ddd8c9f45f0ad268d380bd3f8c6fb2155bd8469807d85132a631c,33
cbbv1_c2e246d1504d9d8a80b2,controlled_track_B3_ARC_adapted_arc_refinement_th0.4_controlled_s002_b80,B3_ARC_adapted,arc_refinement_th0.4_controlled,2,80,controlled_track_B3_ARC_adapted_arc_refinement_th0.4_controlled_s002_b80_event_0001,3170.0,3170.0,3180.0,3180.0,317,317,1,0,oracle_confirmed,1.0,10.0,k3_bridge_safe,dbdfb47e221ddd8c9f45f0ad268d380bd3f8c6fb2155bd8469807d85132a631c,33
cbbv1_c2e246d1504d9d8a80b2,controlled_track_B3_ARC_adapted_arc_refinement_th0.4_controlled_s002_b80,B3_ARC_adapted,arc_refinement_th0.4_controlled,2,80,controlled_track_B3_ARC_adapted_arc_refinement_th0.4_controlled_s002_b80_event_0002,3310.0,3310.0,3320.0,3320.0,331,331,1,0,oracle_confirmed,1.0,10.0,k3_bridge_safe,dbdfb47e221ddd8c9f45f0ad268d380bd3f8c6fb2155bd8469807d85132a631c,33
cbbv1_c2e246d1504d9d8a80b2,controlled_track_B3_ARC_adapted_arc_refinement_th0.4_controlled_s002_b80,B3_ARC_adapted,arc_refinement_th0.4_controlled,2,80,controlled_track_B3_ARC_adapted_arc_refinement_th0.4_controlled_s002_b80_event_0000,1850.0,1850.0,1860.0,1860.0,185,185,1,0,oracle_confirmed,1.0,10.0,k3_bridge_safe,dbdfb47e221ddd8c9f45f0ad268d380bd3f8c6fb2155bd8469807d85132a631c,34
cbbv1_c2e246d1504d9d8a80b2,controlled_track_B3_ARC_adapted_arc_refinement_th0.4_controlled_s002_b80,B3_ARC_adapted,arc_refinement_th0.4_controlled,2,80,controlled_track_B3_ARC_adapted_arc_refinement_th0.4_controlled_s002_b80_event_0001,3170.0,3170.0,3180.0,3180.0,317,317,1,0,oracle_confirmed,1.0,10.0,k3_bridge_safe,dbdfb47e221ddd8c9f45f0ad268d380bd3f8c6fb2155bd8469807d85132a631c,34
cbbv1_c2e246d1504d9d8a80b2,controlled_track_B3_ARC_adapted_arc_refinement_th0.4_controlled_s002_b80,B3_ARC_adapted,arc_refinement_th0.4_controlled,2,80,controlled_track_B3_ARC_adapted_arc_refinement_th0.4_controlled_s002_b80_event_0002,3310.0,3310.0,3320.0,3320.0,331,331,1,0,oracle_confirmed,1.0,10.0,k3_bridge_safe,dbdfb47e221ddd8c9f45f0ad268d380bd3f8c6fb2155bd8469807d85132a631c,34
cbbv1_c2e246d1504d9d8a80b2,controlled_track_B3_ARC_adapted_arc_refinement_th0.4_controlled_s002_b80,B3_ARC_adapted,arc_refinement_th0.4_controlled,2,80,controlled_track_B3_ARC_adapted_arc_refinement_th0.4_controlled_s002_b80_event_0000,1850.0,1850.0,1860.0,1860.0,185,185,1,0,oracle_confirmed,1.0,10.0,k3_bridge_safe,dbdfb47e221ddd8c9f45f0ad268d380bd3f8c6fb2155bd8469807d85132a631c,35
cbbv1_c2e246d1504d9d8a80b2,controlled_track_B3_ARC_adapted_arc_refinement_th0.4_controlled_s002_b80,B3_ARC_adapted,arc_refinement_th0.4_controlled,2,80,controlled_track_B3_ARC_adapted_arc_refinement_th0.4_controlled_s002_b80_event_0001,3170.0,3170.0,3180.0,3180.0,317,317,1,0,oracle_confirmed,1.0,10.0,k3_bridge_safe,dbdfb47e221ddd8c9f45f0ad268d380bd3f8c6fb2155bd8469807d85132a631c,35
cbbv1_c2e246d1504d9d8a80b2,controlled_track_B3_ARC_adapted_arc_refinement_th0.4_controlled_s002_b80,B3_ARC_adapted,arc_refinement_th0.4_controlled,2,80,controlled_track_B3_ARC_adapted_arc_refinement_th0.4_controlled_s002_b80_event_0002,3310.0,3310.0,3320.0,3320.0,331,331,1,0,oracle_confirmed,1.0,10.0,k3_bridge_safe,dbdfb47e221ddd8c9f45f0ad268d380bd3f8c6fb2155bd8469807d85132a631c,35
cbbv1_c2e246d1504d9d8a80b2,controlled_track_B3_ARC_adapted_arc_refinement_th0.4_controlled_s002_b80,B3_ARC_adapted,arc_refinement_th0.4_controlled,2,80,controlled_track_B3_ARC_adapted_arc_refinement_th0.4_controlled_s002_b80_event_0000,1850.0,1850.0,1860.0,1860.0,185,185,1,0,oracle_confirmed,1.0,10.0,k3_bridge_safe,dbdfb47e221ddd8c9f45f0ad268d380bd3f8c6fb2155bd8469807d85132a631c,36
cbbv1_c2e246d1504d9d8a80b2,controlled_track_B3_ARC_adapted_arc_refinement_th0.4_controlled_s002_b80,B3_ARC_adapted,arc_refinement_th0.4_controlled,2,80,controlled_track_B3_ARC_adapted_arc_refinement_th0.4_controlled_s002_b80_event_0001,3170.0,3170.0,3180.0,3180.0,317,317,1,0,oracle_confirmed,1.0,10.0,k3_bridge_safe,dbdfb47e221ddd8c9f45f0ad268d380bd3f8c6fb2155bd8469807d85132a631c,36
cbbv1_c2e246d1504d9d8a80b2,controlled_track_B3_ARC_adapted_arc_refinement_th0.4_controlled_s002_b80,B3_ARC_adapted,arc_refinement_th0.4_controlled,2,80,controlled_track_B3_ARC_adapted_arc_refinement_th0.4_controlled_s002_b80_event_0002,3310.0,3310.0,3320.0,3320.0,331,331,1,0,oracle_confirmed,1.0,10.0,k3_bridge_safe,dbdfb47e221ddd8c9f45f0ad268d380bd3f8c6fb2155bd8469807d85132a631c,36
cbbv1_c2e246d1504d9d8a80b2,controlled_track_B3_ARC_adapted_arc_refinement_th0.4_controlled_s002_b80,B3_ARC_adapted,arc_refinement_th0.4_controlled,2,80,controlled_track_B3_ARC_adapted_arc_refinement_th0.4_controlled_s002_b80_event_0000,1850.0,1850.0,1860.0,1860.0,185,185,1,0,oracle_confirmed,1.0,10.0,k3_bridge_safe,dbdfb47e221ddd8c9f45f0ad268d380bd3f8c6fb2155bd8469807d85132a631c,37
cbbv1_c2e246d1504d9d8a80b2,controlled_track_B3_ARC_adapted_arc_refinement_th0.4_controlled_s002_b80,B3_ARC_adapted,arc_refinement_th0.4_controlled,2,80,controlled_track_B3_ARC_adapted_arc_refinement_th0.4_controlled_s002_b80_event_0001,3170.0,3170.0,3180.0,3180.0,317,317,1,0,oracle_confirmed,1.0,10.0,k3_bridge_safe,dbdfb47e221ddd8c9f45f0ad268d380bd3f8c6fb2155bd8469807d85132a631c,37
cbbv1_c2e246d1504d9d8a80b2,controlled_track_B3_ARC_adapted_arc_refinement_th0.4_controlled_s002_b80,B3_ARC_adapted,arc_refinement_th0.4_controlled,2,80,controlled_track_B3_ARC_adapted_arc_refinement_th0.4_controlled_s002_b80_event_0002,3310.0,3310.0,3320.0,3320.0,331,331,1,0,oracle_confirmed,1.0,10.0,k3_bridge_safe,dbdfb47e221ddd8c9f45f0ad268d380bd3f8c6fb2155bd8469807d85132a631c,37
cbbv1_c2e246d1504d9d8a80b2,controlled_track_B3_ARC_adapted_arc_refinement_th0.4_controlled_s002_b80,B3_ARC_adapted,arc_refinement_th0.4_controlled,2,80,controlled_track_B3_ARC_adapted_arc_refinement_th0.4_controlled_s002_b80_event_0000,1850.0,1850.0,1860.0,1860.0,185,185,1,0,oracle_confirmed,1.0,10.0,k3_bridge_safe,dbdfb47e221ddd8c9f45f0ad268d380bd3f8c6fb2155bd8469807d85132a631c,38
cbbv1_c2e246d1504d9d8a80b2,controlled_track_B3_ARC_adapted_arc_refinement_th0.4_controlled_s002_b80,B3_ARC_adapted,arc_refinement_th0.4_controlled,2,80,controlled_track_B3_ARC_adapted_arc_refinement_th0.4_controlled_s002_b80_event_0001,3170.0,3170.0,3180.0,3180.0,317,317,1,0,oracle_confirmed,1.0,10.0,k3_bridge_safe,dbdfb47e221ddd8c9f45f0ad268d380bd3f8c6fb2155bd8469807d85132a631c,38
cbbv1_c2e246d1504d9d8a80b2,controlled_track_B3_ARC_adapted_arc_refinement_th0.4_controlled_s002_b80,B3_ARC_adapted,arc_refinement_th0.4_controlled,2,80,controlled_track_B3_ARC_adapted_arc_refinement_th0.4_controlled_s002_b80_event_0002,3220.0,3220.0,3230.0,3230.0,322,322,1,0,oracle_confirmed,1.0,10.0,k3_bridge_safe,dbdfb47e221ddd8c9f45f0ad268d380bd3f8c6fb2155bd8469807d85132a631c,38
cbbv1_c2e246d1504d9d8a80b2,controlled_track_B3_ARC_adapted_arc_refinement_th0.4_controlled_s002_b80,B3_ARC_adapted,arc_refinement_th0.4_controlled,2,80,controlled_track_B3_ARC_adapted_arc_refinement_th0.4_controlled_s002_b80_event_0003,3310.0,3310.0,3320.0,3320.0,331,331,1,0,oracle_confirmed,1.0,10.0,k3_bridge_safe,dbdfb47e221ddd8c9f45f0ad268d380bd3f8c6fb2155bd8469807d85132a631c,38
cbbv1_c2e246d1504d9d8a80b2,controlled_track_B3_ARC_adapted_arc_refinement_th0.4_controlled_s002_b80,B3_ARC_adapted,arc_refinement_th0.4_controlled,2,80,controlled_track_B3_ARC_adapted_arc_refinement_th0.4_controlled_s002_b80_event_0000,1850.0,1850.0,1860.0,1860.0,185,185,1,0,oracle_confirmed,1.0,10.0,k3_bridge_safe,dbdfb47e221ddd8c9f45f0ad268d380bd3f8c6fb2155bd8469807d85132a631c,39
cbbv1_c2e246d1504d9d8a80b2,controlled_track_B3_ARC_adapted_arc_refinement_th0.4_controlled_s002_b80,B3_ARC_adapted,arc_refinement_th0.4_controlled,2,80,controlled_track_B3_ARC_adapted_arc_refinement_th0.4_controlled_s002_b80_event_0001,3170.0,3170.0,3180.0,3180.0,317,317,1,0,oracle_confirmed,1.0,10.0,k3_bridge_safe,dbdfb47e221ddd8c9f45f0ad268d380bd3f8c6fb2155bd8469807d85132a631c,39
cbbv1_c2e246d1504d9d8a80b2,controlled_track_B3_ARC_adapted_arc_refinement_th0.4_controlled_s002_b80,B3_ARC_adapted,arc_refinement_th0.4_controlled,2,80,controlled_track_B3_ARC_adapted_arc_refinement_th0.4_controlled_s002_b80_event_0002,3220.0,3220.0,3230.0,3230.0,322,322,1,0,oracle_confirmed,1.0,10.0,k3_bridge_safe,dbdfb47e221ddd8c9f45f0ad268d380bd3f8c6fb2155bd8469807d85132a631c,39
cbbv1_c2e246d1504d9d8a80b2,controlled_track_B3_ARC_adapted_arc_refinement_th0.4_controlled_s002_b80,B3_ARC_adapted,arc_refinement_th0.4_controlled,2,80,controlled_track_B3_ARC_adapted_arc_refinement_th0.4_controlled_s002_b80_event_0003,3310.0,3310.0,3320.0,3320.0,331,331,1,0,oracle_confirmed,1.0,10.0,k3_bridge_safe,dbdfb47e221ddd8c9f45f0ad268d380bd3f8c6fb2155bd8469807d85132a631c,39
cbbv1_c2e246d1504d9d8a80b2,controlled_track_B3_ARC_adapted_arc_refinement_th0.4_controlled_s002_b80,B3_ARC_adapted,arc_refinement_th0.4_controlled,2,80,controlled_track_B3_ARC_adapted_arc_refinement_th0.4_controlled_s002_b80_event_0000,1850.0,1850.0,1860.0,1860.0,185,185,1,0,oracle_confirmed,1.0,10.0,k3_bridge_safe,dbdfb47e221ddd8c9f45f0ad268d380bd3f8c6fb2155bd8469807d85132a631c,40
cbbv1_c2e246d1504d9d8a80b2,controlled_track_B3_ARC_adapted_arc_refinement_th0.4_controlled_s002_b80,B3_ARC_adapted,arc_refinement_th0.4_controlled,2,80,controlled_track_B3_ARC_adapted_arc_refinement_th0.4_controlled_s002_b80_event_0001,3170.0,3170.0,3180.0,3180.0,317,317,1,0,oracle_confirmed,1.0,10.0,k3_bridge_safe,dbdfb47e221ddd8c9f45f0ad268d380bd3f8c6fb2155bd8469807d85132a631c,40
cbbv1_c2e246d1504d9d8a80b2,controlled_track_B3_ARC_adapted_arc_refinement_th0.4_controlled_s002_b80,B3_ARC_adapted,arc_refinement_th0.4_controlled,2,80,controlled_track_B3_ARC_adapted_arc_refinement_th0.4_controlled_s002_b80_event_0002,3220.0,3220.0,3230.0,3230.0,322,322,1,0,oracle_confirmed,1.0,10.0,k3_bridge_safe,dbdfb47e221ddd8c9f45f0ad268d380bd3f8c6fb2155bd8469807d85132a631c,40
cbbv1_c2e246d1504d9d8a80b2,controlled_track_B3_ARC_adapted_arc_refinement_th0.4_controlled_s002_b80,B3_ARC_adapted,arc_refinement_th0.4_controlled,2,80,controlled_track_B3_ARC_adapted_arc_refinement_th0.4_controlled_s002_b80_event_0003,3310.0,3310.0,3320.0,3320.0,331,331,1,0,oracle_confirmed,1.0,10.0,k3_bridge_safe,dbdfb47e221ddd8c9f45f0ad268d380bd3f8c6fb2155bd8469807d85132a631c,40
cbbv1_c2e246d1504d9d8a80b2,controlled_track_B3_ARC_adapted_arc_refinement_th0.4_controlled_s002_b80,B3_ARC_adapted,arc_refinement_th0.4_controlled,2,80,controlled_track_B3_ARC_adapted_arc_refinement_th0.4_controlled_s002_b80_event_0000,1850.0,1850.0,1860.0,1860.0,185,185,1,0,oracle_confirmed,1.0,10.0,k3_bridge_safe,dbdfb47e221ddd8c9f45f0ad268d380bd3f8c6fb2155bd8469807d85132a631c,41
cbbv1_c2e246d1504d9d8a80b2,controlled_track_B3_ARC_adapted_arc_refinement_th0.4_controlled_s002_b80,B3_ARC_adapted,arc_refinement_th0.4_controlled,2,80,controlled_track_B3_ARC_adapted_arc_refinement_th0.4_controlled_s002_b80_event_0001,3170.0,3170.0,3180.0,3180.0,317,317,1,0,oracle_confirmed,1.0,10.0,k3_bridge_safe,dbdfb47e221ddd8c9f45f0ad268d380bd3f8c6fb2155bd8469807d85132a631c,41
cbbv1_c2e246d1504d9d8a80b2,controlled_track_B3_ARC_adapted_arc_refinement_th0.4_controlled_s002_b80,B3_ARC_adapted,arc_refinement_th0.4_controlled,2,80,controlled_track_B3_ARC_adapted_arc_refinement_th0.4_controlled_s002_b80_event_0002,3220.0,3220.0,3230.0,3230.0,322,322,1,0,oracle_confirmed,1.0,10.0,k3_bridge_safe,dbdfb47e221ddd8c9f45f0ad268d380bd3f8c6fb2155bd8469807d85132a631c,41
cbbv1_c2e246d1504d9d8a80b2,controlled_track_B3_ARC_adapted_arc_refinement_th0.4_controlled_s002_b80,B3_ARC_adapted,arc_refinement_th0.4_controlled,2,80,controlled_track_B3_ARC_adapted_arc_refinement_th0.4_controlled_s002_b80_event_0003,3310.0,3310.0,3320.0,3320.0,331,331,1,0,oracle_confirmed,1.0,10.0,k3_bridge_safe,dbdfb47e221ddd8c9f45f0ad268d380bd3f8c6fb2155bd8469807d85132a631c,41
cbbv1_c2e246d1504d9d8a80b2,controlled_track_B3_ARC_adapted_arc_refinement_th0.4_controlled_s002_b80,B3_ARC_adapted,arc_refinement_th0.4_controlled,2,80,controlled_track_B3_ARC_adapted_arc_refinement_th0.4_controlled_s002_b80_event_0000,1850.0,1850.0,1860.0,1860.0,185,185,1,0,oracle_confirmed,1.0,10.0,k3_bridge_safe,dbdfb47e221ddd8c9f45f0ad268d380bd3f8c6fb2155bd8469807d85132a631c,42
cbbv1_c2e246d1504d9d8a80b2,controlled_track_B3_ARC_adapted_arc_refinement_th0.4_controlled_s002_b80,B3_ARC_adapted,arc_refinement_th0.4_controlled,2,80,controlled_track_B3_ARC_adapted_arc_refinement_th0.4_controlled_s002_b80_event_0001,3170.0,3170.0,3180.0,3180.0,317,317,1,0,oracle_confirmed,1.0,10.0,k3_bridge_safe,dbdfb47e221ddd8c9f45f0ad268d380bd3f8c6fb2155bd8469807d85132a631c,42
cbbv1_c2e246d1504d9d8a80b2,controlled_track_B3_ARC_adapted_arc_refinement_th0.4_controlled_s002_b80,B3_ARC_adapted,arc_refinement_th0.4_controlled,2,80,controlled_track_B3_ARC_adapted_arc_refinement_th0.4_controlled_s002_b80_event_0002,3220.0,3220.0,3230.0,3230.0,322,322,1,0,oracle_confirmed,1.0,10.0,k3_bridge_safe,dbdfb47e221ddd8c9f45f0ad268d380bd3f8c6fb2155bd8469807d85132a631c,42
cbbv1_c2e246d1504d9d8a80b2,controlled_track_B3_ARC_adapted_arc_refinement_th0.4_controlled_s002_b80,B3_ARC_adapted,arc_refinement_th0.4_controlled,2,80,controlled_track_B3_ARC_adapted_arc_refinement_th0.4_controlled_s002_b80_event_0003,3310.0,3310.0,3320.0,3320.0,331,331,1,0,oracle_confirmed,1.0,10.0,k3_bridge_safe,dbdfb47e221ddd8c9f45f0ad268d380bd3f8c6fb2155bd8469807d85132a631c,42
cbbv1_c2e246d1504d9d8a80b2,controlled_track_B3_ARC_adapted_arc_refinement_th0.4_controlled_s002_b80,B3_ARC_adapted,arc_refinement_th0.4_controlled,2,80,controlled_track_B3_ARC_adapted_arc_refinement_th0.4_controlled_s002_b80_event_0000,1850.0,1850.0,1860.0,1860.0,185,185,1,0,oracle_confirmed,1.0,10.0,k3_bridge_safe,dbdfb47e221ddd8c9f45f0ad268d380bd3f8c6fb2155bd8469807d85132a631c,43
cbbv1_c2e246d1504d9d8a80b2,controlled_track_B3_ARC_adapted_arc_refinement_th0.4_controlled_s002_b80,B3_ARC_adapted,arc_refinement_th0.4_controlled,2,80,controlled_track_B3_ARC_adapted_arc_refinement_th0.4_controlled_s002_b80_event_0001,3170.0,3170.0,3180.0,3180.0,317,317,1,0,oracle_confirmed,1.0,10.0,k3_bridge_safe,dbdfb47e221ddd8c9f45f0ad268d380bd3f8c6fb2155bd8469807d85132a631c,43
cbbv1_c2e246d1504d9d8a80b2,controlled_track_B3_ARC_adapted_arc_refinement_th0.4_controlled_s002_b80,B3_ARC_adapted,arc_refinement_th0.4_controlled,2,80,controlled_track_B3_ARC_adapted_arc_refinement_th0.4_controlled_s002_b80_event_0002,3220.0,3220.0,3230.0,3230.0,322,322,1,0,oracle_confirmed,1.0,10.0,k3_bridge_safe,dbdfb47e221ddd8c9f45f0ad268d380bd3f8c6fb2155bd8469807d85132a631c,43
cbbv1_c2e246d1504d9d8a80b2,controlled_track_B3_ARC_adapted_arc_refinement_th0.4_controlled_s002_b80,B3_ARC_adapted,arc_refinement_th0.4_controlled,2,80,controlled_track_B3_ARC_adapted_arc_refinement_th0.4_controlled_s002_b80_event_0003,3310.0,3310.0,3320.0,3320.0,331,331,1,0,oracle_confirmed,1.0,10.0,k3_bridge_safe,dbdfb47e221ddd8c9f45f0ad268d380bd3f8c6fb2155bd8469807d85132a631c,43
cbbv1_c2e246d1504d9d8a80b2,controlled_track_B3_ARC_adapted_arc_refinement_th0.4_controlled_s002_b80,B3_ARC_adapted,arc_refinement_th0.4_controlled,2,80,controlled_track_B3_ARC_adapted_arc_refinement_th0.4_controlled_s002_b80_event_0000,1850.0,1850.0,1860.0,1860.0,185,185,1,0,oracle_confirmed,1.0,10.0,k3_bridge_safe,dbdfb47e221ddd8c9f45f0ad268d380bd3f8c6fb2155bd8469807d85132a631c,44
cbbv1_c2e246d1504d9d8a80b2,controlled_track_B3_ARC_adapted_arc_refinement_th0.4_controlled_s002_b80,B3_ARC_adapted,arc_refinement_th0.4_controlled,2,80,controlled_track_B3_ARC_adapted_arc_refinement_th0.4_controlled_s002_b80_event_0001,3170.0,3170.0,3180.0,3180.0,317,317,1,0,oracle_confirmed,1.0,10.0,k3_bridge_safe,dbdfb47e221ddd8c9f45f0ad268d380bd3f8c6fb2155bd8469807d85132a631c,44
cbbv1_c2e246d1504d9d8a80b2,controlled_track_B3_ARC_adapted_arc_refinement_th0.4_controlled_s002_b80,B3_ARC_adapted,arc_refinement_th0.4_controlled,2,80,controlled_track_B3_ARC_adapted_arc_refinement_th0.4_controlled_s002_b80_event_0002,3220.0,3220.0,3230.0,3230.0,322,322,1,0,oracle_confirmed,1.0,10.0,k3_bridge_safe,dbdfb47e221ddd8c9f45f0ad268d380bd3f8c6fb2155bd8469807d85132a631c,44
cbbv1_c2e246d1504d9d8a80b2,controlled_track_B3_ARC_adapted_arc_refinement_th0.4_controlled_s002_b80,B3_ARC_adapted,arc_refinement_th0.4_controlled,2,80,controlled_track_B3_ARC_adapted_arc_refinement_th0.4_controlled_s002_b80_event_0003,3310.0,3310.0,3320.0,3320.0,331,331,1,0,oracle_confirmed,1.0,10.0,k3_bridge_safe,dbdfb47e221ddd8c9f45f0ad268d380bd3f8c6fb2155bd8469807d85132a631c,44
cbbv1_c2e246d1504d9d8a80b2,controlled_track_B3_ARC_adapted_arc_refinement_th0.4_controlled_s002_b80,B3_ARC_adapted,arc_refinement_th0.4_controlled,2,80,controlled_track_B3_ARC_adapted_arc_refinement_th0.4_controlled_s002_b80_event_0000,1850.0,1850.0,1860.0,1860.0,185,185,1,0,oracle_confirmed,1.0,10.0,k3_bridge_safe,dbdfb47e221ddd8c9f45f0ad268d380bd3f8c6fb2155bd8469807d85132a631c,45
cbbv1_c2e246d1504d9d8a80b2,controlled_track_B3_ARC_adapted_arc_refinement_th0.4_controlled_s002_b80,B3_ARC_adapted,arc_refinement_th0.4_controlled,2,80,controlled_track_B3_ARC_adapted_arc_refinement_th0.4_controlled_s002_b80_event_0001,3170.0,3170.0,3180.0,3180.0,317,317,1,0,oracle_confirmed,1.0,10.0,k3_bridge_safe,dbdfb47e221ddd8c9f45f0ad268d380bd3f8c6fb2155bd8469807d85132a631c,45
cbbv1_c2e246d1504d9d8a80b2,controlled_track_B3_ARC_adapted_arc_refinement_th0.4_controlled_s002_b80,B3_ARC_adapted,arc_refinement_th0.4_controlled,2,80,controlled_track_B3_ARC_adapted_arc_refinement_th0.4_controlled_s002_b80_event_0002,3220.0,3220.0,3230.0,3230.0,322,322,1,0,oracle_confirmed,1.0,10.0,k3_bridge_safe,dbdfb47e221ddd8c9f45f0ad268d380bd3f8c6fb2155bd8469807d85132a631c,45
cbbv1_c2e246d1504d9d8a80b2,controlled_track_B3_ARC_adapted_arc_refinement_th0.4_controlled_s002_b80,B3_ARC_adapted,arc_refinement_th0.4_controlled,2,80,controlled_track_B3_ARC_adapted_arc_refinement_th0.4_controlled_s002_b80_event_0003,3310.0,3310.0,3320.0,3320.0,331,331,1,0,oracle_confirmed,1.0,10.0,k3_bridge_safe,dbdfb47e221ddd8c9f45f0ad268d380bd3f8c6fb2155bd8469807d85132a631c,45
cbbv1_c2e246d1504d9d8a80b2,controlled_track_B3_ARC_adapted_arc_refinement_th0.4_controlled_s002_b80,B3_ARC_adapted,arc_refinement_th0.4_controlled,2,80,controlled_track_B3_ARC_adapted_arc_refinement_th0.4_controlled_s002_b80_event_0000,1850.0,1850.0,1860.0,1860.0,185,185,1,0,oracle_confirmed,1.0,10.0,k3_bridge_safe,dbdfb47e221ddd8c9f45f0ad268d380bd3f8c6fb2155bd8469807d85132a631c,46
cbbv1_c2e246d1504d9d8a80b2,controlled_track_B3_ARC_adapted_arc_refinement_th0.4_controlled_s002_b80,B3_ARC_adapted,arc_refinement_th0.4_controlled,2,80,controlled_track_B3_ARC_adapted_arc_refinement_th0.4_controlled_s002_b80_event_0001,3170.0,3170.0,3180.0,3180.0,317,317,1,0,oracle_confirmed,1.0,10.0,k3_bridge_safe,dbdfb47e221ddd8c9f45f0ad268d380bd3f8c6fb2155bd8469807d85132a631c,46
cbbv1_c2e246d1504d9d8a80b2,controlled_track_B3_ARC_adapted_arc_refinement_th0.4_controlled_s002_b80,B3_ARC_adapted,arc_refinement_th0.4_controlled,2,80,controlled_track_B3_ARC_adapted_arc_refinement_th0.4_controlled_s002_b80_event_0002,3220.0,3220.0,3230.0,3230.0,322,322,1,0,oracle_confirmed,1.0,10.0,k3_bridge_safe,dbdfb47e221ddd8c9f45f0ad268d380bd3f8c6fb2155bd8469807d85132a631c,46
cbbv1_c2e246d1504d9d8a80b2,controlled_track_B3_ARC_adapted_arc_refinement_th0.4_controlled_s002_b80,B3_ARC_adapted,arc_refinement_th0.4_controlled,2,80,controlled_track_B3_ARC_adapted_arc_refinement_th0.4_controlled_s002_b80_event_0003,3310.0,3310.0,3320.0,3320.0,331,331,1,0,oracle_confirmed,1.0,10.0,k3_bridge_safe,dbdfb47e221ddd8c9f45f0ad268d380bd3f8c6fb2155bd8469807d85132a631c,46
cbbv1_c2e246d1504d9d8a80b2,controlled_track_B3_ARC_adapted_arc_refinement_th0.4_controlled_s002_b80,B3_ARC_adapted,arc_refinement_th0.4_controlled,2,80,controlled_track_B3_ARC_adapted_arc_refinement_th0.4_controlled_s002_b80_event_0000,1850.0,1850.0,1860.0,1860.0,185,185,1,0,oracle_confirmed,1.0,10.0,k3_bridge_safe,dbdfb47e221ddd8c9f45f0ad268d380bd3f8c6fb2155bd8469807d85132a631c,47
cbbv1_c2e246d1504d9d8a80b2,controlled_track_B3_ARC_adapted_arc_refinement_th0.4_controlled_s002_b80,B3_ARC_adapted,arc_refinement_th0.4_controlled,2,80,controlled_track_B3_ARC_adapted_arc_refinement_th0.4_controlled_s002_b80_event_0001,3170.0,3170.0,3180.0,3180.0,317,317,1,0,oracle_confirmed,1.0,10.0,k3_bridge_safe,dbdfb47e221ddd8c9f45f0ad268d380bd3f8c6fb2155bd8469807d85132a631c,47
cbbv1_c2e246d1504d9d8a80b2,controlled_track_B3_ARC_adapted_arc_refinement_th0.4_controlled_s002_b80,B3_ARC_adapted,arc_refinement_th0.4_controlled,2,80,controlled_track_B3_ARC_adapted_arc_refinement_th0.4_controlled_s002_b80_event_0002,3220.0,3220.0,3230.0,3230.0,322,322,1,0,oracle_confirmed,1.0,10.0,k3_bridge_safe,dbdfb47e221ddd8c9f45f0ad268d380bd3f8c6fb2155bd8469807d85132a631c,47
cbbv1_c2e246d1504d9d8a80b2,controlled_track_B3_ARC_adapted_arc_refinement_th0.4_controlled_s002_b80,B3_ARC_adapted,arc_refinement_th0.4_controlled,2,80,controlled_track_B3_ARC_adapted_arc_refinement_th0.4_controlled_s002_b80_event_0003,3310.0,3310.0,3320.0,3320.0,331,331,1,0,oracle_confirmed,1.0,10.0,k3_bridge_safe,dbdfb47e221ddd8c9f45f0ad268d380bd3f8c6fb2155bd8469807d85132a631c,47
cbbv1_c2e246d1504d9d8a80b2,controlled_track_B3_ARC_adapted_arc_refinement_th0.4_controlled_s002_b80,B3_ARC_adapted,arc_refinement_th0.4_controlled,2,80,controlled_track_B3_ARC_adapted_arc_refinement_th0.4_controlled_s002_b80_event_0000,1850.0,1850.0,1860.0,1860.0,185,185,1,0,oracle_confirmed,1.0,10.0,k3_bridge_safe,dbdfb47e221ddd8c9f45f0ad268d380bd3f8c6fb2155bd8469807d85132a631c,48
cbbv1_c2e246d1504d9d8a80b2,controlled_track_B3_ARC_adapted_arc_refinement_th0.4_controlled_s002_b80,B3_ARC_adapted,arc_refinement_th0.4_controlled,2,80,controlled_track_B3_ARC_adapted_arc_refinement_th0.4_controlled_s002_b80_event_0001,3170.0,3170.0,3180.0,3180.0,317,317,1,0,oracle_confirmed,1.0,10.0,k3_bridge_safe,dbdfb47e221ddd8c9f45f0ad268d380bd3f8c6fb2155bd8469807d85132a631c,48
cbbv1_c2e246d1504d9d8a80b2,controlled_track_B3_ARC_adapted_arc_refinement_th0.4_controlled_s002_b80,B3_ARC_adapted,arc_refinement_th0.4_controlled,2,80,controlled_track_B3_ARC_adapted_arc_refinement_th0.4_controlled_s002_b80_event_0002,3220.0,3220.0,3230.0,3230.0,322,322,1,0,oracle_confirmed,1.0,10.0,k3_bridge_safe,dbdfb47e221ddd8c9f45f0ad268d380bd3f8c6fb2155bd8469807d85132a631c,48
cbbv1_c2e246d1504d9d8a80b2,controlled_track_B3_ARC_adapted_arc_refinement_th0.4_controlled_s002_b80,B3_ARC_adapted,arc_refinement_th0.4_controlled,2,80,controlled_track_B3_ARC_adapted_arc_refinement_th0.4_controlled_s002_b80_event_0003,3310.0,3310.0,3320.0,3320.0,331,331,1,0,oracle_confirmed,1.0,10.0,k3_bridge_safe,dbdfb47e221ddd8c9f45f0ad268d380bd3f8c6fb2155bd8469807d85132a631c,48
cbbv1_c2e246d1504d9d8a80b2,controlled_track_B3_ARC_adapted_arc_refinement_th0.4_controlled_s002_b80,B3_ARC_adapted,arc_refinement_th0.4_controlled,2,80,controlled_track_B3_ARC_adapted_arc_refinement_th0.4_controlled_s002_b80_event_0000,1850.0,1850.0,1860.0,1860.0,185,185,1,0,oracle_confirmed,1.0,10.0,k3_bridge_safe,dbdfb47e221ddd8c9f45f0ad268d380bd3f8c6fb2155bd8469807d85132a631c,49
cbbv1_c2e246d1504d9d8a80b2,controlled_track_B3_ARC_adapted_arc_refinement_th0.4_controlled_s002_b80,B3_ARC_adapted,arc_refinement_th0.4_controlled,2,80,controlled_track_B3_ARC_adapted_arc_refinement_th0.4_controlled_s002_b80_event_0001,3170.0,3170.0,3180.0,3180.0,317,317,1,0,oracle_confirmed,1.0,10.0,k3_bridge_safe,dbdfb47e221ddd8c9f45f0ad268d380bd3f8c6fb2155bd8469807d85132a631c,49
cbbv1_c2e246d1504d9d8a80b2,controlled_track_B3_ARC_adapted_arc_refinement_th0.4_controlled_s002_b80,B3_ARC_adapted,arc_refinement_th0.4_controlled,2,80,controlled_track_B3_ARC_adapted_arc_refinement_th0.4_controlled_s002_b80_event_0002,3220.0,3220.0,3230.0,3230.0,322,322,1,0,oracle_confirmed,1.0,10.0,k3_bridge_safe,dbdfb47e221ddd8c9f45f0ad268d380bd3f8c6fb2155bd8469807d85132a631c,49
cbbv1_c2e246d1504d9d8a80b2,controlled_track_B3_ARC_adapted_arc_refinement_th0.4_controlled_s002_b80,B3_ARC_adapted,arc_refinement_th0.4_controlled,2,80,controlled_track_B3_ARC_adapted_arc_refinement_th0.4_controlled_s002_b80_event_0003,3310.0,3310.0,3320.0,3320.0,331,331,1,0,oracle_confirmed,1.0,10.0,k3_bridge_safe,dbdfb47e221ddd8c9f45f0ad268d380bd3f8c6fb2155bd8469807d85132a631c,49
cbbv1_c2e246d1504d9d8a80b2,controlled_track_B3_ARC_adapted_arc_refinement_th0.4_controlled_s002_b80,B3_ARC_adapted,arc_refinement_th0.4_controlled,2,80,controlled_track_B3_ARC_adapted_arc_refinement_th0.4_controlled_s002_b80_event_0000,1850.0,1850.0,1860.0,1860.0,185,185,1,0,oracle_confirmed,1.0,10.0,k3_bridge_safe,dbdfb47e221ddd8c9f45f0ad268d380bd3f8c6fb2155bd8469807d85132a631c,50
cbbv1_c2e246d1504d9d8a80b2,controlled_track_B3_ARC_adapted_arc_refinement_th0.4_controlled_s002_b80,B3_ARC_adapted,arc_refinement_th0.4_controlled,2,80,controlled_track_B3_ARC_adapted_arc_refinement_th0.4_controlled_s002_b80_event_0001,3170.0,3170.0,3180.0,3180.0,317,317,1,0,oracle_confirmed,1.0,10.0,k3_bridge_safe,dbdfb47e221ddd8c9f45f0ad268d380bd3f8c6fb2155bd8469807d85132a631c,50
cbbv1_c2e246d1504d9d8a80b2,controlled_track_B3_ARC_adapted_arc_refinement_th0.4_controlled_s002_b80,B3_ARC_adapted,arc_refinement_th0.4_controlled,2,80,controlled_track_B3_ARC_adapted_arc_refinement_th0.4_controlled_s002_b80_event_0002,3220.0,3220.0,3230.0,3230.0,322,322,1,0,oracle_confirmed,1.0,10.0,k3_bridge_safe,dbdfb47e221ddd8c9f45f0ad268d380bd3f8c6fb2155bd8469807d85132a631c,50
cbbv1_c2e246d1504d9d8a80b2,controlled_track_B3_ARC_adapted_arc_refinement_th0.4_controlled_s002_b80,B3_ARC_adapted,arc_refinement_th0.4_controlled,2,80,controlled_track_B3_ARC_adapted_arc_refinement_th0.4_controlled_s002_b80_event_0003,3310.0,3310.0,3320.0,3320.0,331,331,1,0,oracle_confirmed,1.0,10.0,k3_bridge_safe,dbdfb47e221ddd8c9f45f0ad268d380bd3f8c6fb2155bd8469807d85132a631c,50
cbbv1_c2e246d1504d9d8a80b2,controlled_track_B3_ARC_adapted_arc_refinement_th0.4_controlled_s002_b80,B3_ARC_adapted,arc_refinement_th0.4_controlled,2,80,controlled_track_B3_ARC_adapted_arc_refinement_th0.4_controlled_s002_b80_event_0000,1850.0,1850.0,1860.0,1860.0,185,185,1,0,oracle_confirmed,1.0,10.0,k3_bridge_safe,dbdfb47e221ddd8c9f45f0ad268d380bd3f8c6fb2155bd8469807d85132a631c,51
cbbv1_c2e246d1504d9d8a80b2,controlled_track_B3_ARC_adapted_arc_refinement_th0.4_controlled_s002_b80,B3_ARC_adapted,arc_refinement_th0.4_controlled,2,80,controlled_track_B3_ARC_adapted_arc_refinement_th0.4_controlled_s002_b80_event_0001,3170.0,3170.0,3180.0,3180.0,317,317,1,0,oracle_confirmed,1.0,10.0,k3_bridge_safe,dbdfb47e221ddd8c9f45f0ad268d380bd3f8c6fb2155bd8469807d85132a631c,51
cbbv1_c2e246d1504d9d8a80b2,controlled_track_B3_ARC_adapted_arc_refinement_th0.4_controlled_s002_b80,B3_ARC_adapted,arc_refinement_th0.4_controlled,2,80,controlled_track_B3_ARC_adapted_arc_refinement_th0.4_controlled_s002_b80_event_0002,3220.0,3220.0,3230.0,3230.0,322,322,1,0,oracle_confirmed,1.0,10.0,k3_bridge_safe,dbdfb47e221ddd8c9f45f0ad268d380bd3f8c6fb2155bd8469807d85132a631c,51
cbbv1_c2e246d1504d9d8a80b2,controlled_track_B3_ARC_adapted_arc_refinement_th0.4_controlled_s002_b80,B3_ARC_adapted,arc_refinement_th0.4_controlled,2,80,controlled_track_B3_ARC_adapted_arc_refinement_th0.4_controlled_s002_b80_event_0003,3310.0,3310.0,3320.0,3320.0,331,331,1,0,oracle_confirmed,1.0,10.0,k3_bridge_safe,dbdfb47e221ddd8c9f45f0ad268d380bd3f8c6fb2155bd8469807d85132a631c,51
cbbv1_c2e246d1504d9d8a80b2,controlled_track_B3_ARC_adapted_arc_refinement_th0.4_controlled_s002_b80,B3_ARC_adapted,arc_refinement_th0.4_controlled,2,80,controlled_track_B3_ARC_adapted_arc_refinement_th0.4_controlled_s002_b80_event_0000,1850.0,1850.0,1860.0,1860.0,185,185,1,0,oracle_confirmed,1.0,10.0,k3_bridge_safe,dbdfb47e221ddd8c9f45f0ad268d380bd3f8c6fb2155bd8469807d85132a631c,52
cbbv1_c2e246d1504d9d8a80b2,controlled_track_B3_ARC_adapted_arc_refinement_th0.4_controlled_s002_b80,B3_ARC_adapted,arc_refinement_th0.4_controlled,2,80,controlled_track_B3_ARC_adapted_arc_refinement_th0.4_controlled_s002_b80_event_0001,3170.0,3170.0,3180.0,3180.0,317,317,1,0,oracle_confirmed,1.0,10.0,k3_bridge_safe,dbdfb47e221ddd8c9f45f0ad268d380bd3f8c6fb2155bd8469807d85132a631c,52
cbbv1_c2e246d1504d9d8a80b2,controlled_track_B3_ARC_adapted_arc_refinement_th0.4_controlled_s002_b80,B3_ARC_adapted,arc_refinement_th0.4_controlled,2,80,controlled_track_B3_ARC_adapted_arc_refinement_th0.4_controlled_s002_b80_event_0002,3220.0,3220.0,3230.0,3230.0,322,322,1,0,oracle_confirmed,1.0,10.0,k3_bridge_safe,dbdfb47e221ddd8c9f45f0ad268d380bd3f8c6fb2155bd8469807d85132a631c,52
cbbv1_c2e246d1504d9d8a80b2,controlled_track_B3_ARC_adapted_arc_refinement_th0.4_controlled_s002_b80,B3_ARC_adapted,arc_refinement_th0.4_controlled,2,80,controlled_track_B3_ARC_adapted_arc_refinement_th0.4_controlled_s002_b80_event_0003,3310.0,3310.0,3320.0,3320.0,331,331,1,0,oracle_confirmed,1.0,10.0,k3_bridge_safe,dbdfb47e221ddd8c9f45f0ad268d380bd3f8c6fb2155bd8469807d85132a631c,52
cbbv1_c2e246d1504d9d8a80b2,controlled_track_B3_ARC_adapted_arc_refinement_th0.4_controlled_s002_b80,B3_ARC_adapted,arc_refinement_th0.4_controlled,2,80,controlled_track_B3_ARC_adapted_arc_refinement_th0.4_controlled_s002_b80_event_0000,1850.0,1850.0,1860.0,1860.0,185,185,1,0,oracle_confirmed,1.0,10.0,k3_bridge_safe,dbdfb47e221ddd8c9f45f0ad268d380bd3f8c6fb2155bd8469807d85132a631c,53
cbbv1_c2e246d1504d9d8a80b2,controlled_track_B3_ARC_adapted_arc_refinement_th0.4_controlled_s002_b80,B3_ARC_adapted,arc_refinement_th0.4_controlled,2,80,controlled_track_B3_ARC_adapted_arc_refinement_th0.4_controlled_s002_b80_event_0001,3170.0,3170.0,3180.0,3180.0,317,317,1,0,oracle_confirmed,1.0,10.0,k3_bridge_safe,dbdfb47e221ddd8c9f45f0ad268d380bd3f8c6fb2155bd8469807d85132a631c,53
cbbv1_c2e246d1504d9d8a80b2,controlled_track_B3_ARC_adapted_arc_refinement_th0.4_controlled_s002_b80,B3_ARC_adapted,arc_refinement_th0.4_controlled,2,80,controlled_track_B3_ARC_adapted_arc_refinement_th0.4_controlled_s002_b80_event_0002,3220.0,3220.0,3230.0,3230.0,322,322,1,0,oracle_confirmed,1.0,10.0,k3_bridge_safe,dbdfb47e221ddd8c9f45f0ad268d380bd3f8c6fb2155bd8469807d85132a631c,53
cbbv1_c2e246d1504d9d8a80b2,controlled_track_B3_ARC_adapted_arc_refinement_th0.4_controlled_s002_b80,B3_ARC_adapted,arc_refinement_th0.4_controlled,2,80,controlled_track_B3_ARC_adapted_arc_refinement_th0.4_controlled_s002_b80_event_0003,3310.0,3310.0,3320.0,3320.0,331,331,1,0,oracle_confirmed,1.0,10.0,k3_bridge_safe,dbdfb47e221ddd8c9f45f0ad268d380bd3f8c6fb2155bd8469807d85132a631c,53
cbbv1_c2e246d1504d9d8a80b2,controlled_track_B3_ARC_adapted_arc_refinement_th0.4_controlled_s002_b80,B3_ARC_adapted,arc_refinement_th0.4_controlled,2,80,controlled_track_B3_ARC_adapted_arc_refinement_th0.4_controlled_s002_b80_event_0000,1850.0,1850.0,1860.0,1860.0,185,185,1,0,oracle_confirmed,1.0,10.0,k3_bridge_safe,dbdfb47e221ddd8c9f45f0ad268d380bd3f8c6fb2155bd8469807d85132a631c,54
cbbv1_c2e246d1504d9d8a80b2,controlled_track_B3_ARC_adapted_arc_refinement_th0.4_controlled_s002_b80,B3_ARC_adapted,arc_refinement_th0.4_controlled,2,80,controlled_track_B3_ARC_adapted_arc_refinement_th0.4_controlled_s002_b80_event_0001,3170.0,3170.0,3180.0,3180.0,317,317,1,0,oracle_confirmed,1.0,10.0,k3_bridge_safe,dbdfb47e221ddd8c9f45f0ad268d380bd3f8c6fb2155bd8469807d85132a631c,54
cbbv1_c2e246d1504d9d8a80b2,controlled_track_B3_ARC_adapted_arc_refinement_th0.4_controlled_s002_b80,B3_ARC_adapted,arc_refinement_th0.4_controlled,2,80,controlled_track_B3_ARC_adapted_arc_refinement_th0.4_controlled_s002_b80_event_0002,3220.0,3220.0,3230.0,3230.0,322,322,1,0,oracle_confirmed,1.0,10.0,k3_bridge_safe,dbdfb47e221ddd8c9f45f0ad268d380bd3f8c6fb2155bd8469807d85132a631c,54
cbbv1_c2e246d1504d9d8a80b2,controlled_track_B3_ARC_adapted_arc_refinement_th0.4_controlled_s002_b80,B3_ARC_adapted,arc_refinement_th0.4_controlled,2,80,controlled_track_B3_ARC_adapted_arc_refinement_th0.4_controlled_s002_b80_event_0003,3310.0,3310.0,3320.0,3320.0,331,331,1,0,oracle_confirmed,1.0,10.0,k3_bridge_safe,dbdfb47e221ddd8c9f45f0ad268d380bd3f8c6fb2155bd8469807d85132a631c,54
cbbv1_c2e246d1504d9d8a80b2,controlled_track_B3_ARC_adapted_arc_refinement_th0.4_controlled_s002_b80,B3_ARC_adapted,arc_refinement_th0.4_controlled,2,80,controlled_track_B3_ARC_adapted_arc_refinement_th0.4_controlled_s002_b80_event_0000,1850.0,1850.0,1860.0,1860.0,185,185,1,0,oracle_confirmed,1.0,10.0,k3_bridge_safe,dbdfb47e221ddd8c9f45f0ad268d380bd3f8c6fb2155bd8469807d85132a631c,55
cbbv1_c2e246d1504d9d8a80b2,controlled_track_B3_ARC_adapted_arc_refinement_th0.4_controlled_s002_b80,B3_ARC_adapted,arc_refinement_th0.4_controlled,2,80,controlled_track_B3_ARC_adapted_arc_refinement_th0.4_controlled_s002_b80_event_0001,3170.0,3170.0,3180.0,3180.0,317,317,1,0,oracle_confirmed,1.0,10.0,k3_bridge_safe,dbdfb47e221ddd8c9f45f0ad268d380bd3f8c6fb2155bd8469807d85132a631c,55
cbbv1_c2e246d1504d9d8a80b2,controlled_track_B3_ARC_adapted_arc_refinement_th0.4_controlled_s002_b80,B3_ARC_adapted,arc_refinement_th0.4_controlled,2,80,controlled_track_B3_ARC_adapted_arc_refinement_th0.4_controlled_s002_b80_event_0002,3220.0,3220.0,3230.0,3230.0,322,322,1,0,oracle_confirmed,1.0,10.0,k3_bridge_safe,dbdfb47e221ddd8c9f45f0ad268d380bd3f8c6fb2155bd8469807d85132a631c,55
cbbv1_c2e246d1504d9d8a80b2,controlled_track_B3_ARC_adapted_arc_refinement_th0.4_controlled_s002_b80,B3_ARC_adapted,arc_refinement_th0.4_controlled,2,80,controlled_track_B3_ARC_adapted_arc_refinement_th0.4_controlled_s002_b80_event_0003,3310.0,3310.0,3320.0,3320.0,331,331,1,0,oracle_confirmed,1.0,10.0,k3_bridge_safe,dbdfb47e221ddd8c9f45f0ad268d380bd3f8c6fb2155bd8469807d85132a631c,55
cbbv1_c2e246d1504d9d8a80b2,controlled_track_B3_ARC_adapted_arc_refinement_th0.4_controlled_s002_b80,B3_ARC_adapted,arc_refinement_th0.4_controlled,2,80,controlled_track_B3_ARC_adapted_arc_refinement_th0.4_controlled_s002_b80_event_0000,1850.0,1850.0,1860.0,1860.0,185,185,1,0,oracle_confirmed,1.0,10.0,k3_bridge_safe,dbdfb47e221ddd8c9f45f0ad268d380bd3f8c6fb2155bd8469807d85132a631c,56
cbbv1_c2e246d1504d9d8a80b2,controlled_track_B3_ARC_adapted_arc_refinement_th0.4_controlled_s002_b80,B3_ARC_adapted,arc_refinement_th0.4_controlled,2,80,controlled_track_B3_ARC_adapted_arc_refinement_th0.4_controlled_s002_b80_event_0001,3170.0,3170.0,3180.0,3180.0,317,317,1,0,oracle_confirmed,1.0,10.0,k3_bridge_safe,dbdfb47e221ddd8c9f45f0ad268d380bd3f8c6fb2155bd8469807d85132a631c,56
cbbv1_c2e246d1504d9d8a80b2,controlled_track_B3_ARC_adapted_arc_refinement_th0.4_controlled_s002_b80,B3_ARC_adapted,arc_refinement_th0.4_controlled,2,80,controlled_track_B3_ARC_adapted_arc_refinement_th0.4_controlled_s002_b80_event_0002,3220.0,3220.0,3230.0,3230.0,322,322,1,0,oracle_confirmed,1.0,10.0,k3_bridge_safe,dbdfb47e221ddd8c9f45f0ad268d380bd3f8c6fb2155bd8469807d85132a631c,56
cbbv1_c2e246d1504d9d8a80b2,controlled_track_B3_ARC_adapted_arc_refinement_th0.4_controlled_s002_b80,B3_ARC_adapted,arc_refinement_th0.4_controlled,2,80,controlled_track_B3_ARC_adapted_arc_refinement_th0.4_controlled_s002_b80_event_0003,3310.0,3310.0,3320.0,3320.0,331,331,1,0,oracle_confirmed,1.0,10.0,k3_bridge_safe,dbdfb47e221ddd8c9f45f0ad268d380bd3f8c6fb2155bd8469807d85132a631c,56
cbbv1_c2e246d1504d9d8a80b2,controlled_track_B3_ARC_adapted_arc_refinement_th0.4_controlled_s002_b80,B3_ARC_adapted,arc_refinement_th0.4_controlled,2,80,controlled_track_B3_ARC_adapted_arc_refinement_th0.4_controlled_s002_b80_event_0000,1850.0,1850.0,1860.0,1860.0,185,185,1,0,oracle_confirmed,1.0,10.0,k3_bridge_safe,dbdfb47e221ddd8c9f45f0ad268d380bd3f8c6fb2155bd8469807d85132a631c,57
cbbv1_c2e246d1504d9d8a80b2,controlled_track_B3_ARC_adapted_arc_refinement_th0.4_controlled_s002_b80,B3_ARC_adapted,arc_refinement_th0.4_controlled,2,80,controlled_track_B3_ARC_adapted_arc_refinement_th0.4_controlled_s002_b80_event_0001,2960.0,2960.0,2970.0,2970.0,296,296,1,0,oracle_confirmed,1.0,10.0,k3_bridge_safe,dbdfb47e221ddd8c9f45f0ad268d380bd3f8c6fb2155bd8469807d85132a631c,57
cbbv1_c2e246d1504d9d8a80b2,controlled_track_B3_ARC_adapted_arc_refinement_th0.4_controlled_s002_b80,B3_ARC_adapted,arc_refinement_th0.4_controlled,2,80,controlled_track_B3_ARC_adapted_arc_refinement_th0.4_controlled_s002_b80_event_0002,3170.0,3170.0,3180.0,3180.0,317,317,1,0,oracle_confirmed,1.0,10.0,k3_bridge_safe,dbdfb47e221ddd8c9f45f0ad268d380bd3f8c6fb2155bd8469807d85132a631c,57
cbbv1_c2e246d1504d9d8a80b2,controlled_track_B3_ARC_adapted_arc_refinement_th0.4_controlled_s002_b80,B3_ARC_adapted,arc_refinement_th0.4_controlled,2,80,controlled_track_B3_ARC_adapted_arc_refinement_th0.4_controlled_s002_b80_event_0003,3220.0,3220.0,3230.0,3230.0,322,322,1,0,oracle_confirmed,1.0,10.0,k3_bridge_safe,dbdfb47e221ddd8c9f45f0ad268d380bd3f8c6fb2155bd8469807d85132a631c,57
cbbv1_c2e246d1504d9d8a80b2,controlled_track_B3_ARC_adapted_arc_refinement_th0.4_controlled_s002_b80,B3_ARC_adapted,arc_refinement_th0.4_controlled,2,80,controlled_track_B3_ARC_adapted_arc_refinement_th0.4_controlled_s002_b80_event_0004,3310.0,3310.0,3320.0,3320.0,331,331,1,0,oracle_confirmed,1.0,10.0,k3_bridge_safe,dbdfb47e221ddd8c9f45f0ad268d380bd3f8c6fb2155bd8469807d85132a631c,57
cbbv1_c2e246d1504d9d8a80b2,controlled_track_B3_ARC_adapted_arc_refinement_th0.4_controlled_s002_b80,B3_ARC_adapted,arc_refinement_th0.4_controlled,2,80,controlled_track_B3_ARC_adapted_arc_refinement_th0.4_controlled_s002_b80_event_0000,1850.0,1850.0,1860.0,1860.0,185,185,1,0,oracle_confirmed,1.0,10.0,k3_bridge_safe,dbdfb47e221ddd8c9f45f0ad268d380bd3f8c6fb2155bd8469807d85132a631c,58
cbbv1_c2e246d1504d9d8a80b2,controlled_track_B3_ARC_adapted_arc_refinement_th0.4_controlled_s002_b80,B3_ARC_adapted,arc_refinement_th0.4_controlled,2,80,controlled_track_B3_ARC_adapted_arc_refinement_th0.4_controlled_s002_b80_event_0001,2960.0,2960.0,2980.0,2980.0,296|297,296|297,2,0,oracle_confirmed,1.0,20.0,k3_bridge_safe,dbdfb47e221ddd8c9f45f0ad268d380bd3f8c6fb2155bd8469807d85132a631c,58
cbbv1_c2e246d1504d9d8a80b2,controlled_track_B3_ARC_adapted_arc_refinement_th0.4_controlled_s002_b80,B3_ARC_adapted,arc_refinement_th0.4_controlled,2,80,controlled_track_B3_ARC_adapted_arc_refinement_th0.4_controlled_s002_b80_event_0002,3170.0,3170.0,3180.0,3180.0,317,317,1,0,oracle_confirmed,1.0,10.0,k3_bridge_safe,dbdfb47e221ddd8c9f45f0ad268d380bd3f8c6fb2155bd8469807d85132a631c,58
cbbv1_c2e246d1504d9d8a80b2,controlled_track_B3_ARC_adapted_arc_refinement_th0.4_controlled_s002_b80,B3_ARC_adapted,arc_refinement_th0.4_controlled,2,80,controlled_track_B3_ARC_adapted_arc_refinement_th0.4_controlled_s002_b80_event_0003,3220.0,3220.0,3230.0,3230.0,322,322,1,0,oracle_confirmed,1.0,10.0,k3_bridge_safe,dbdfb47e221ddd8c9f45f0ad268d380bd3f8c6fb2155bd8469807d85132a631c,58
cbbv1_c2e246d1504d9d8a80b2,controlled_track_B3_ARC_adapted_arc_refinement_th0.4_controlled_s002_b80,B3_ARC_adapted,arc_refinement_th0.4_controlled,2,80,controlled_track_B3_ARC_adapted_arc_refinement_th0.4_controlled_s002_b80_event_0004,3310.0,3310.0,3320.0,3320.0,331,331,1,0,oracle_confirmed,1.0,10.0,k3_bridge_safe,dbdfb47e221ddd8c9f45f0ad268d380bd3f8c6fb2155bd8469807d85132a631c,58
cbbv1_c2e246d1504d9d8a80b2,controlled_track_B3_ARC_adapted_arc_refinement_th0.4_controlled_s002_b80,B3_ARC_adapted,arc_refinement_th0.4_controlled,2,80,controlled_track_B3_ARC_adapted_arc_refinement_th0.4_controlled_s002_b80_event_0000,1850.0,1850.0,1860.0,1860.0,185,185,1,0,oracle_confirmed,1.0,10.0,k3_bridge_safe,dbdfb47e221ddd8c9f45f0ad268d380bd3f8c6fb2155bd8469807d85132a631c,59
cbbv1_c2e246d1504d9d8a80b2,controlled_track_B3_ARC_adapted_arc_refinement_th0.4_controlled_s002_b80,B3_ARC_adapted,arc_refinement_th0.4_controlled,2,80,controlled_track_B3_ARC_adapted_arc_refinement_th0.4_controlled_s002_b80_event_0001,2960.0,2960.0,2980.0,2980.0,296|297,296|297,2,0,oracle_confirmed,1.0,20.0,k3_bridge_safe,dbdfb47e221ddd8c9f45f0ad268d380bd3f8c6fb2155bd8469807d85132a631c,59
cbbv1_c2e246d1504d9d8a80b2,controlled_track_B3_ARC_adapted_arc_refinement_th0.4_controlled_s002_b80,B3_ARC_adapted,arc_refinement_th0.4_controlled,2,80,controlled_track_B3_ARC_adapted_arc_refinement_th0.4_controlled_s002_b80_event_0002,3170.0,3170.0,3180.0,3180.0,317,317,1,0,oracle_confirmed,1.0,10.0,k3_bridge_safe,dbdfb47e221ddd8c9f45f0ad268d380bd3f8c6fb2155bd8469807d85132a631c,59
cbbv1_c2e246d1504d9d8a80b2,controlled_track_B3_ARC_adapted_arc_refinement_th0.4_controlled_s002_b80,B3_ARC_adapted,arc_refinement_th0.4_controlled,2,80,controlled_track_B3_ARC_adapted_arc_refinement_th0.4_controlled_s002_b80_event_0003,3220.0,3220.0,3230.0,3230.0,322,322,1,0,oracle_confirmed,1.0,10.0,k3_bridge_safe,dbdfb47e221ddd8c9f45f0ad268d380bd3f8c6fb2155bd8469807d85132a631c,59
cbbv1_c2e246d1504d9d8a80b2,controlled_track_B3_ARC_adapted_arc_refinement_th0.4_controlled_s002_b80,B3_ARC_adapted,arc_refinement_th0.4_controlled,2,80,controlled_track_B3_ARC_adapted_arc_refinement_th0.4_controlled_s002_b80_event_0004,3310.0,3310.0,3320.0,3320.0,331,331,1,0,oracle_confirmed,1.0,10.0,k3_bridge_safe,dbdfb47e221ddd8c9f45f0ad268d380bd3f8c6fb2155bd8469807d85132a631c,59
cbbv1_c2e246d1504d9d8a80b2,controlled_track_B3_ARC_adapted_arc_refinement_th0.4_controlled_s002_b80,B3_ARC_adapted,arc_refinement_th0.4_controlled,2,80,controlled_track_B3_ARC_adapted_arc_refinement_th0.4_controlled_s002_b80_event_0000,1850.0,1850.0,1860.0,1860.0,185,185,1,0,oracle_confirmed,1.0,10.0,k3_bridge_safe,dbdfb47e221ddd8c9f45f0ad268d380bd3f8c6fb2155bd8469807d85132a631c,60
cbbv1_c2e246d1504d9d8a80b2,controlled_track_B3_ARC_adapted_arc_refinement_th0.4_controlled_s002_b80,B3_ARC_adapted,arc_refinement_th0.4_controlled,2,80,controlled_track_B3_ARC_adapted_arc_refinement_th0.4_controlled_s002_b80_event_0001,2960.0,2960.0,2980.0,2980.0,296|297,296|297,2,0,oracle_confirmed,1.0,20.0,k3_bridge_safe,dbdfb47e221ddd8c9f45f0ad268d380bd3f8c6fb2155bd8469807d85132a631c,60
cbbv1_c2e246d1504d9d8a80b2,controlled_track_B3_ARC_adapted_arc_refinement_th0.4_controlled_s002_b80,B3_ARC_adapted,arc_refinement_th0.4_controlled,2,80,controlled_track_B3_ARC_adapted_arc_refinement_th0.4_controlled_s002_b80_event_0002,3170.0,3170.0,3180.0,3180.0,317,317,1,0,oracle_confirmed,1.0,10.0,k3_bridge_safe,dbdfb47e221ddd8c9f45f0ad268d380bd3f8c6fb2155bd8469807d85132a631c,60
cbbv1_c2e246d1504d9d8a80b2,controlled_track_B3_ARC_adapted_arc_refinement_th0.4_controlled_s002_b80,B3_ARC_adapted,arc_refinement_th0.4_controlled,2,80,controlled_track_B3_ARC_adapted_arc_refinement_th0.4_controlled_s002_b80_event_0003,3220.0,3220.0,3230.0,3230.0,322,322,1,0,oracle_confirmed,1.0,10.0,k3_bridge_safe,dbdfb47e221ddd8c9f45f0ad268d380bd3f8c6fb2155bd8469807d85132a631c,60
cbbv1_c2e246d1504d9d8a80b2,controlled_track_B3_ARC_adapted_arc_refinement_th0.4_controlled_s002_b80,B3_ARC_adapted,arc_refinement_th0.4_controlled,2,80,controlled_track_B3_ARC_adapted_arc_refinement_th0.4_controlled_s002_b80_event_0004,3310.0,3310.0,3320.0,3320.0,331,331,1,0,oracle_confirmed,1.0,10.0,k3_bridge_safe,dbdfb47e221ddd8c9f45f0ad268d380bd3f8c6fb2155bd8469807d85132a631c,60
cbbv1_c2e246d1504d9d8a80b2,controlled_track_B3_ARC_adapted_arc_refinement_th0.4_controlled_s002_b80,B3_ARC_adapted,arc_refinement_th0.4_controlled,2,80,controlled_track_B3_ARC_adapted_arc_refinement_th0.4_controlled_s002_b80_event_0000,1850.0,1850.0,1860.0,1860.0,185,185,1,0,oracle_confirmed,1.0,10.0,k3_bridge_safe,dbdfb47e221ddd8c9f45f0ad268d380bd3f8c6fb2155bd8469807d85132a631c,61
cbbv1_c2e246d1504d9d8a80b2,controlled_track_B3_ARC_adapted_arc_refinement_th0.4_controlled_s002_b80,B3_ARC_adapted,arc_refinement_th0.4_controlled,2,80,controlled_track_B3_ARC_adapted_arc_refinement_th0.4_controlled_s002_b80_event_0001,2960.0,2960.0,2980.0,2980.0,296|297,296|297,2,0,oracle_confirmed,1.0,20.0,k3_bridge_safe,dbdfb47e221ddd8c9f45f0ad268d380bd3f8c6fb2155bd8469807d85132a631c,61
cbbv1_c2e246d1504d9d8a80b2,controlled_track_B3_ARC_adapted_arc_refinement_th0.4_controlled_s002_b80,B3_ARC_adapted,arc_refinement_th0.4_controlled,2,80,controlled_track_B3_ARC_adapted_arc_refinement_th0.4_controlled_s002_b80_event_0002,3170.0,3170.0,3180.0,3180.0,317,317,1,0,oracle_confirmed,1.0,10.0,k3_bridge_safe,dbdfb47e221ddd8c9f45f0ad268d380bd3f8c6fb2155bd8469807d85132a631c,61
cbbv1_c2e246d1504d9d8a80b2,controlled_track_B3_ARC_adapted_arc_refinement_th0.4_controlled_s002_b80,B3_ARC_adapted,arc_refinement_th0.4_controlled,2,80,controlled_track_B3_ARC_adapted_arc_refinement_th0.4_controlled_s002_b80_event_0003,3220.0,3220.0,3230.0,3230.0,322,322,1,0,oracle_confirmed,1.0,10.0,k3_bridge_safe,dbdfb47e221ddd8c9f45f0ad268d380bd3f8c6fb2155bd8469807d85132a631c,61
cbbv1_c2e246d1504d9d8a80b2,controlled_track_B3_ARC_adapted_arc_refinement_th0.4_controlled_s002_b80,B3_ARC_adapted,arc_refinement_th0.4_controlled,2,80,controlled_track_B3_ARC_adapted_arc_refinement_th0.4_controlled_s002_b80_event_0004,3310.0,3310.0,3320.0,3320.0,331,331,1,0,oracle_confirmed,1.0,10.0,k3_bridge_safe,dbdfb47e221ddd8c9f45f0ad268d380bd3f8c6fb2155bd8469807d85132a631c,61
cbbv1_c2e246d1504d9d8a80b2,controlled_track_B3_ARC_adapted_arc_refinement_th0.4_controlled_s002_b80,B3_ARC_adapted,arc_refinement_th0.4_controlled,2,80,controlled_track_B3_ARC_adapted_arc_refinement_th0.4_controlled_s002_b80_event_0000,1850.0,1850.0,1860.0,1860.0,185,185,1,0,oracle_confirmed,1.0,10.0,k3_bridge_safe,dbdfb47e221ddd8c9f45f0ad268d380bd3f8c6fb2155bd8469807d85132a631c,62
cbbv1_c2e246d1504d9d8a80b2,controlled_track_B3_ARC_adapted_arc_refinement_th0.4_controlled_s002_b80,B3_ARC_adapted,arc_refinement_th0.4_controlled,2,80,controlled_track_B3_ARC_adapted_arc_refinement_th0.4_controlled_s002_b80_event_0001,2960.0,2960.0,2980.0,2980.0,296|297,296|297,2,0,oracle_confirmed,1.0,20.0,k3_bridge_safe,dbdfb47e221ddd8c9f45f0ad268d380bd3f8c6fb2155bd8469807d85132a631c,62
cbbv1_c2e246d1504d9d8a80b2,controlled_track_B3_ARC_adapted_arc_refinement_th0.4_controlled_s002_b80,B3_ARC_adapted,arc_refinement_th0.4_controlled,2,80,controlled_track_B3_ARC_adapted_arc_refinement_th0.4_controlled_s002_b80_event_0002,3170.0,3170.0,3180.0,3180.0,317,317,1,0,oracle_confirmed,1.0,10.0,k3_bridge_safe,dbdfb47e221ddd8c9f45f0ad268d380bd3f8c6fb2155bd8469807d85132a631c,62
cbbv1_c2e246d1504d9d8a80b2,controlled_track_B3_ARC_adapted_arc_refinement_th0.4_controlled_s002_b80,B3_ARC_adapted,arc_refinement_th0.4_controlled,2,80,controlled_track_B3_ARC_adapted_arc_refinement_th0.4_controlled_s002_b80_event_0003,3220.0,3220.0,3230.0,3230.0,322,322,1,0,oracle_confirmed,1.0,10.0,k3_bridge_safe,dbdfb47e221ddd8c9f45f0ad268d380bd3f8c6fb2155bd8469807d85132a631c,62
cbbv1_c2e246d1504d9d8a80b2,controlled_track_B3_ARC_adapted_arc_refinement_th0.4_controlled_s002_b80,B3_ARC_adapted,arc_refinement_th0.4_controlled,2,80,controlled_track_B3_ARC_adapted_arc_refinement_th0.4_controlled_s002_b80_event_0004,3310.0,3310.0,3320.0,3320.0,331,331,1,0,oracle_confirmed,1.0,10.0,k3_bridge_safe,dbdfb47e221ddd8c9f45f0ad268d380bd3f8c6fb2155bd8469807d85132a631c,62
cbbv1_c2e246d1504d9d8a80b2,controlled_track_B3_ARC_adapted_arc_refinement_th0.4_controlled_s002_b80,B3_ARC_adapted,arc_refinement_th0.4_controlled,2,80,controlled_track_B3_ARC_adapted_arc_refinement_th0.4_controlled_s002_b80_event_0000,1850.0,1850.0,1860.0,1860.0,185,185,1,0,oracle_confirmed,1.0,10.0,k3_bridge_safe,dbdfb47e221ddd8c9f45f0ad268d380bd3f8c6fb2155bd8469807d85132a631c,63
cbbv1_c2e246d1504d9d8a80b2,controlled_track_B3_ARC_adapted_arc_refinement_th0.4_controlled_s002_b80,B3_ARC_adapted,arc_refinement_th0.4_controlled,2,80,controlled_track_B3_ARC_adapted_arc_refinement_th0.4_controlled_s002_b80_event_0001,2960.0,2960.0,2980.0,2980.0,296|297,296|297,2,0,oracle_confirmed,1.0,20.0,k3_bridge_safe,dbdfb47e221ddd8c9f45f0ad268d380bd3f8c6fb2155bd8469807d85132a631c,63
cbbv1_c2e246d1504d9d8a80b2,controlled_track_B3_ARC_adapted_arc_refinement_th0.4_controlled_s002_b80,B3_ARC_adapted,arc_refinement_th0.4_controlled,2,80,controlled_track_B3_ARC_adapted_arc_refinement_th0.4_controlled_s002_b80_event_0002,3170.0,3170.0,3180.0,3180.0,317,317,1,0,oracle_confirmed,1.0,10.0,k3_bridge_safe,dbdfb47e221ddd8c9f45f0ad268d380bd3f8c6fb2155bd8469807d85132a631c,63
cbbv1_c2e246d1504d9d8a80b2,controlled_track_B3_ARC_adapted_arc_refinement_th0.4_controlled_s002_b80,B3_ARC_adapted,arc_refinement_th0.4_controlled,2,80,controlled_track_B3_ARC_adapted_arc_refinement_th0.4_controlled_s002_b80_event_0003,3220.0,3220.0,3230.0,3230.0,322,322,1,0,oracle_confirmed,1.0,10.0,k3_bridge_safe,dbdfb47e221ddd8c9f45f0ad268d380bd3f8c6fb2155bd8469807d85132a631c,63
cbbv1_c2e246d1504d9d8a80b2,controlled_track_B3_ARC_adapted_arc_refinement_th0.4_controlled_s002_b80,B3_ARC_adapted,arc_refinement_th0.4_controlled,2,80,controlled_track_B3_ARC_adapted_arc_refinement_th0.4_controlled_s002_b80_event_0004,3310.0,3310.0,3320.0,3320.0,331,331,1,0,oracle_confirmed,1.0,10.0,k3_bridge_safe,dbdfb47e221ddd8c9f45f0ad268d380bd3f8c6fb2155bd8469807d85132a631c,63
cbbv1_c2e246d1504d9d8a80b2,controlled_track_B3_ARC_adapted_arc_refinement_th0.4_controlled_s002_b80,B3_ARC_adapted,arc_refinement_th0.4_controlled,2,80,controlled_track_B3_ARC_adapted_arc_refinement_th0.4_controlled_s002_b80_event_0000,1850.0,1850.0,1860.0,1860.0,185,185,1,0,oracle_confirmed,1.0,10.0,k3_bridge_safe,dbdfb47e221ddd8c9f45f0ad268d380bd3f8c6fb2155bd8469807d85132a631c,64
cbbv1_c2e246d1504d9d8a80b2,controlled_track_B3_ARC_adapted_arc_refinement_th0.4_controlled_s002_b80,B3_ARC_adapted,arc_refinement_th0.4_controlled,2,80,controlled_track_B3_ARC_adapted_arc_refinement_th0.4_controlled_s002_b80_event_0001,2960.0,2960.0,2980.0,2980.0,296|297,296|297,2,0,oracle_confirmed,1.0,20.0,k3_bridge_safe,dbdfb47e221ddd8c9f45f0ad268d380bd3f8c6fb2155bd8469807d85132a631c,64
cbbv1_c2e246d1504d9d8a80b2,controlled_track_B3_ARC_adapted_arc_refinement_th0.4_controlled_s002_b80,B3_ARC_adapted,arc_refinement_th0.4_controlled,2,80,controlled_track_B3_ARC_adapted_arc_refinement_th0.4_controlled_s002_b80_event_0002,3170.0,3170.0,3180.0,3180.0,317,317,1,0,oracle_confirmed,1.0,10.0,k3_bridge_safe,dbdfb47e221ddd8c9f45f0ad268d380bd3f8c6fb2155bd8469807d85132a631c,64
cbbv1_c2e246d1504d9d8a80b2,controlled_track_B3_ARC_adapted_arc_refinement_th0.4_controlled_s002_b80,B3_ARC_adapted,arc_refinement_th0.4_controlled,2,80,controlled_track_B3_ARC_adapted_arc_refinement_th0.4_controlled_s002_b80_event_0003,3220.0,3220.0,3230.0,3230.0,322,322,1,0,oracle_confirmed,1.0,10.0,k3_bridge_safe,dbdfb47e221ddd8c9f45f0ad268d380bd3f8c6fb2155bd8469807d85132a631c,64
cbbv1_c2e246d1504d9d8a80b2,controlled_track_B3_ARC_adapted_arc_refinement_th0.4_controlled_s002_b80,B3_ARC_adapted,arc_refinement_th0.4_controlled,2,80,controlled_track_B3_ARC_adapted_arc_refinement_th0.4_controlled_s002_b80_event_0004,3310.0,3310.0,3320.0,3320.0,331,331,1,0,oracle_confirmed,1.0,10.0,k3_bridge_safe,dbdfb47e221ddd8c9f45f0ad268d380bd3f8c6fb2155bd8469807d85132a631c,64
cbbv1_c2e246d1504d9d8a80b2,controlled_track_B3_ARC_adapted_arc_refinement_th0.4_controlled_s002_b80,B3_ARC_adapted,arc_refinement_th0.4_controlled,2,80,controlled_track_B3_ARC_adapted_arc_refinement_th0.4_controlled_s002_b80_event_0000,1850.0,1850.0,1860.0,1860.0,185,185,1,0,oracle_confirmed,1.0,10.0,k3_bridge_safe,dbdfb47e221ddd8c9f45f0ad268d380bd3f8c6fb2155bd8469807d85132a631c,65
cbbv1_c2e246d1504d9d8a80b2,controlled_track_B3_ARC_adapted_arc_refinement_th0.4_controlled_s002_b80,B3_ARC_adapted,arc_refinement_th0.4_controlled,2,80,controlled_track_B3_ARC_adapted_arc_refinement_th0.4_controlled_s002_b80_event_0001,2960.0,2960.0,2980.0,2980.0,296|297,296|297,2,0,oracle_confirmed,1.0,20.0,k3_bridge_safe,dbdfb47e221ddd8c9f45f0ad268d380bd3f8c6fb2155bd8469807d85132a631c,65
cbbv1_c2e246d1504d9d8a80b2,controlled_track_B3_ARC_adapted_arc_refinement_th0.4_controlled_s002_b80,B3_ARC_adapted,arc_refinement_th0.4_controlled,2,80,controlled_track_B3_ARC_adapted_arc_refinement_th0.4_controlled_s002_b80_event_0002,3170.0,3170.0,3180.0,3180.0,317,317,1,0,oracle_confirmed,1.0,10.0,k3_bridge_safe,dbdfb47e221ddd8c9f45f0ad268d380bd3f8c6fb2155bd8469807d85132a631c,65
cbbv1_c2e246d1504d9d8a80b2,controlled_track_B3_ARC_adapted_arc_refinement_th0.4_controlled_s002_b80,B3_ARC_adapted,arc_refinement_th0.4_controlled,2,80,controlled_track_B3_ARC_adapted_arc_refinement_th0.4_controlled_s002_b80_event_0003,3220.0,3220.0,3230.0,3230.0,322,322,1,0,oracle_confirmed,1.0,10.0,k3_bridge_safe,dbdfb47e221ddd8c9f45f0ad268d380bd3f8c6fb2155bd8469807d85132a631c,65
cbbv1_c2e246d1504d9d8a80b2,controlled_track_B3_ARC_adapted_arc_refinement_th0.4_controlled_s002_b80,B3_ARC_adapted,arc_refinement_th0.4_controlled,2,80,controlled_track_B3_ARC_adapted_arc_refinement_th0.4_controlled_s002_b80_event_0004,3310.0,3310.0,3320.0,3320.0,331,331,1,0,oracle_confirmed,1.0,10.0,k3_bridge_safe,dbdfb47e221ddd8c9f45f0ad268d380bd3f8c6fb2155bd8469807d85132a631c,65
cbbv1_c2e246d1504d9d8a80b2,controlled_track_B3_ARC_adapted_arc_refinement_th0.4_controlled_s002_b80,B3_ARC_adapted,arc_refinement_th0.4_controlled,2,80,controlled_track_B3_ARC_adapted_arc_refinement_th0.4_controlled_s002_b80_event_0000,1850.0,1850.0,1860.0,1860.0,185,185,1,0,oracle_confirmed,1.0,10.0,k3_bridge_safe,dbdfb47e221ddd8c9f45f0ad268d380bd3f8c6fb2155bd8469807d85132a631c,66
cbbv1_c2e246d1504d9d8a80b2,controlled_track_B3_ARC_adapted_arc_refinement_th0.4_controlled_s002_b80,B3_ARC_adapted,arc_refinement_th0.4_controlled,2,80,controlled_track_B3_ARC_adapted_arc_refinement_th0.4_controlled_s002_b80_event_0001,2960.0,2960.0,2980.0,2980.0,296|297,296|297,2,0,oracle_confirmed,1.0,20.0,k3_bridge_safe,dbdfb47e221ddd8c9f45f0ad268d380bd3f8c6fb2155bd8469807d85132a631c,66
cbbv1_c2e246d1504d9d8a80b2,controlled_track_B3_ARC_adapted_arc_refinement_th0.4_controlled_s002_b80,B3_ARC_adapted,arc_refinement_th0.4_controlled,2,80,controlled_track_B3_ARC_adapted_arc_refinement_th0.4_controlled_s002_b80_event_0002,3170.0,3170.0,3180.0,3180.0,317,317,1,0,oracle_confirmed,1.0,10.0,k3_bridge_safe,dbdfb47e221ddd8c9f45f0ad268d380bd3f8c6fb2155bd8469807d85132a631c,66
cbbv1_c2e246d1504d9d8a80b2,controlled_track_B3_ARC_adapted_arc_refinement_th0.4_controlled_s002_b80,B3_ARC_adapted,arc_refinement_th0.4_controlled,2,80,controlled_track_B3_ARC_adapted_arc_refinement_th0.4_controlled_s002_b80_event_0003,3220.0,3220.0,3230.0,3230.0,322,322,1,0,oracle_confirmed,1.0,10.0,k3_bridge_safe,dbdfb47e221ddd8c9f45f0ad268d380bd3f8c6fb2155bd8469807d85132a631c,66
cbbv1_c2e246d1504d9d8a80b2,controlled_track_B3_ARC_adapted_arc_refinement_th0.4_controlled_s002_b80,B3_ARC_adapted,arc_refinement_th0.4_controlled,2,80,controlled_track_B3_ARC_adapted_arc_refinement_th0.4_controlled_s002_b80_event_0004,3310.0,3310.0,3320.0,3320.0,331,331,1,0,oracle_confirmed,1.0,10.0,k3_bridge_safe,dbdfb47e221ddd8c9f45f0ad268d380bd3f8c6fb2155bd8469807d85132a631c,66
cbbv1_c2e246d1504d9d8a80b2,controlled_track_B3_ARC_adapted_arc_refinement_th0.4_controlled_s002_b80,B3_ARC_adapted,arc_refinement_th0.4_controlled,2,80,controlled_track_B3_ARC_adapted_arc_refinement_th0.4_controlled_s002_b80_event_0000,1850.0,1850.0,1860.0,1860.0,185,185,1,0,oracle_confirmed,1.0,10.0,k3_bridge_safe,dbdfb47e221ddd8c9f45f0ad268d380bd3f8c6fb2155bd8469807d85132a631c,67
cbbv1_c2e246d1504d9d8a80b2,controlled_track_B3_ARC_adapted_arc_refinement_th0.4_controlled_s002_b80,B3_ARC_adapted,arc_refinement_th0.4_controlled,2,80,controlled_track_B3_ARC_adapted_arc_refinement_th0.4_controlled_s002_b80_event_0001,2960.0,2960.0,2980.0,2980.0,296|297,296|297,2,0,oracle_confirmed,1.0,20.0,k3_bridge_safe,dbdfb47e221ddd8c9f45f0ad268d380bd3f8c6fb2155bd8469807d85132a631c,67
cbbv1_c2e246d1504d9d8a80b2,controlled_track_B3_ARC_adapted_arc_refinement_th0.4_controlled_s002_b80,B3_ARC_adapted,arc_refinement_th0.4_controlled,2,80,controlled_track_B3_ARC_adapted_arc_refinement_th0.4_controlled_s002_b80_event_0002,3170.0,3170.0,3180.0,3180.0,317,317,1,0,oracle_confirmed,1.0,10.0,k3_bridge_safe,dbdfb47e221ddd8c9f45f0ad268d380bd3f8c6fb2155bd8469807d85132a631c,67
cbbv1_c2e246d1504d9d8a80b2,controlled_track_B3_ARC_adapted_arc_refinement_th0.4_controlled_s002_b80,B3_ARC_adapted,arc_refinement_th0.4_controlled,2,80,controlled_track_B3_ARC_adapted_arc_refinement_th0.4_controlled_s002_b80_event_0003,3220.0,3220.0,3230.0,3230.0,322,322,1,0,oracle_confirmed,1.0,10.0,k3_bridge_safe,dbdfb47e221ddd8c9f45f0ad268d380bd3f8c6fb2155bd8469807d85132a631c,67
cbbv1_c2e246d1504d9d8a80b2,controlled_track_B3_ARC_adapted_arc_refinement_th0.4_controlled_s002_b80,B3_ARC_adapted,arc_refinement_th0.4_controlled,2,80,controlled_track_B3_ARC_adapted_arc_refinement_th0.4_controlled_s002_b80_event_0004,3310.0,3310.0,3320.0,3320.0,331,331,1,0,oracle_confirmed,1.0,10.0,k3_bridge_safe,dbdfb47e221ddd8c9f45f0ad268d380bd3f8c6fb2155bd8469807d85132a631c,67
cbbv1_c2e246d1504d9d8a80b2,controlled_track_B3_ARC_adapted_arc_refinement_th0.4_controlled_s002_b80,B3_ARC_adapted,arc_refinement_th0.4_controlled,2,80,controlled_track_B3_ARC_adapted_arc_refinement_th0.4_controlled_s002_b80_event_0000,1850.0,1850.0,1860.0,1860.0,185,185,1,0,oracle_confirmed,1.0,10.0,k3_bridge_safe,dbdfb47e221ddd8c9f45f0ad268d380bd3f8c6fb2155bd8469807d85132a631c,68
cbbv1_c2e246d1504d9d8a80b2,controlled_track_B3_ARC_adapted_arc_refinement_th0.4_controlled_s002_b80,B3_ARC_adapted,arc_refinement_th0.4_controlled,2,80,controlled_track_B3_ARC_adapted_arc_refinement_th0.4_controlled_s002_b80_event_0001,2830.0,2830.0,2840.0,2840.0,283,283,1,0,oracle_confirmed,1.0,10.0,k3_bridge_safe,dbdfb47e221ddd8c9f45f0ad268d380bd3f8c6fb2155bd8469807d85132a631c,68
cbbv1_c2e246d1504d9d8a80b2,controlled_track_B3_ARC_adapted_arc_refinement_th0.4_controlled_s002_b80,B3_ARC_adapted,arc_refinement_th0.4_controlled,2,80,controlled_track_B3_ARC_adapted_arc_refinement_th0.4_controlled_s002_b80_event_0002,2960.0,2960.0,2980.0,2980.0,296|297,296|297,2,0,oracle_confirmed,1.0,20.0,k3_bridge_safe,dbdfb47e221ddd8c9f45f0ad268d380bd3f8c6fb2155bd8469807d85132a631c,68
cbbv1_c2e246d1504d9d8a80b2,controlled_track_B3_ARC_adapted_arc_refinement_th0.4_controlled_s002_b80,B3_ARC_adapted,arc_refinement_th0.4_controlled,2,80,controlled_track_B3_ARC_adapted_arc_refinement_th0.4_controlled_s002_b80_event_0003,3170.0,3170.0,3180.0,3180.0,317,317,1,0,oracle_confirmed,1.0,10.0,k3_bridge_safe,dbdfb47e221ddd8c9f45f0ad268d380bd3f8c6fb2155bd8469807d85132a631c,68
cbbv1_c2e246d1504d9d8a80b2,controlled_track_B3_ARC_adapted_arc_refinement_th0.4_controlled_s002_b80,B3_ARC_adapted,arc_refinement_th0.4_controlled,2,80,controlled_track_B3_ARC_adapted_arc_refinement_th0.4_controlled_s002_b80_event_0004,3220.0,3220.0,3230.0,3230.0,322,322,1,0,oracle_confirmed,1.0,10.0,k3_bridge_safe,dbdfb47e221ddd8c9f45f0ad268d380bd3f8c6fb2155bd8469807d85132a631c,68
cbbv1_c2e246d1504d9d8a80b2,controlled_track_B3_ARC_adapted_arc_refinement_th0.4_controlled_s002_b80,B3_ARC_adapted,arc_refinement_th0.4_controlled,2,80,controlled_track_B3_ARC_adapted_arc_refinement_th0.4_controlled_s002_b80_event_0005,3310.0,3310.0,3320.0,3320.0,331,331,1,0,oracle_confirmed,1.0,10.0,k3_bridge_safe,dbdfb47e221ddd8c9f45f0ad268d380bd3f8c6fb2155bd8469807d85132a631c,68
cbbv1_c2e246d1504d9d8a80b2,controlled_track_B3_ARC_adapted_arc_refinement_th0.4_controlled_s002_b80,B3_ARC_adapted,arc_refinement_th0.4_controlled,2,80,controlled_track_B3_ARC_adapted_arc_refinement_th0.4_controlled_s002_b80_event_0000,1850.0,1850.0,1860.0,1860.0,185,185,1,0,oracle_confirmed,1.0,10.0,k3_bridge_safe,dbdfb47e221ddd8c9f45f0ad268d380bd3f8c6fb2155bd8469807d85132a631c,69
cbbv1_c2e246d1504d9d8a80b2,controlled_track_B3_ARC_adapted_arc_refinement_th0.4_controlled_s002_b80,B3_ARC_adapted,arc_refinement_th0.4_controlled,2,80,controlled_track_B3_ARC_adapted_arc_refinement_th0.4_controlled_s002_b80_event_0001,2830.0,2830.0,2840.0,2840.0,283,283,1,0,oracle_confirmed,1.0,10.0,k3_bridge_safe,dbdfb47e221ddd8c9f45f0ad268d380bd3f8c6fb2155bd8469807d85132a631c,69
cbbv1_c2e246d1504d9d8a80b2,controlled_track_B3_ARC_adapted_arc_refinement_th0.4_controlled_s002_b80,B3_ARC_adapted,arc_refinement_th0.4_controlled,2,80,controlled_track_B3_ARC_adapted_arc_refinement_th0.4_controlled_s002_b80_event_0002,2960.0,2960.0,2980.0,2980.0,296|297,296|297,2,0,oracle_confirmed,1.0,20.0,k3_bridge_safe,dbdfb47e221ddd8c9f45f0ad268d380bd3f8c6fb2155bd8469807d85132a631c,69
cbbv1_c2e246d1504d9d8a80b2,controlled_track_B3_ARC_adapted_arc_refinement_th0.4_controlled_s002_b80,B3_ARC_adapted,arc_refinement_th0.4_controlled,2,80,controlled_track_B3_ARC_adapted_arc_refinement_th0.4_controlled_s002_b80_event_0003,3170.0,3170.0,3180.0,3180.0,317,317,1,0,oracle_confirmed,1.0,10.0,k3_bridge_safe,dbdfb47e221ddd8c9f45f0ad268d380bd3f8c6fb2155bd8469807d85132a631c,69
cbbv1_c2e246d1504d9d8a80b2,controlled_track_B3_ARC_adapted_arc_refinement_th0.4_controlled_s002_b80,B3_ARC_adapted,arc_refinement_th0.4_controlled,2,80,controlled_track_B3_ARC_adapted_arc_refinement_th0.4_controlled_s002_b80_event_0004,3220.0,3220.0,3230.0,3230.0,322,322,1,0,oracle_confirmed,1.0,10.0,k3_bridge_safe,dbdfb47e221ddd8c9f45f0ad268d380bd3f8c6fb2155bd8469807d85132a631c,69
cbbv1_c2e246d1504d9d8a80b2,controlled_track_B3_ARC_adapted_arc_refinement_th0.4_controlled_s002_b80,B3_ARC_adapted,arc_refinement_th0.4_controlled,2,80,controlled_track_B3_ARC_adapted_arc_refinement_th0.4_controlled_s002_b80_event_0005,3310.0,3310.0,3320.0,3320.0,331,331,1,0,oracle_confirmed,1.0,10.0,k3_bridge_safe,dbdfb47e221ddd8c9f45f0ad268d380bd3f8c6fb2155bd8469807d85132a631c,69
cbbv1_c2e246d1504d9d8a80b2,controlled_track_B3_ARC_adapted_arc_refinement_th0.4_controlled_s002_b80,B3_ARC_adapted,arc_refinement_th0.4_controlled,2,80,controlled_track_B3_ARC_adapted_arc_refinement_th0.4_controlled_s002_b80_event_0000,1850.0,1850.0,1860.0,1860.0,185,185,1,0,oracle_confirmed,1.0,10.0,k3_bridge_safe,dbdfb47e221ddd8c9f45f0ad268d380bd3f8c6fb2155bd8469807d85132a631c,70
cbbv1_c2e246d1504d9d8a80b2,controlled_track_B3_ARC_adapted_arc_refinement_th0.4_controlled_s002_b80,B3_ARC_adapted,arc_refinement_th0.4_controlled,2,80,controlled_track_B3_ARC_adapted_arc_refinement_th0.4_controlled_s002_b80_event_0001,2830.0,2830.0,2840.0,2840.0,283,283,1,0,oracle_confirmed,1.0,10.0,k3_bridge_safe,dbdfb47e221ddd8c9f45f0ad268d380bd3f8c6fb2155bd8469807d85132a631c,70
cbbv1_c2e246d1504d9d8a80b2,controlled_track_B3_ARC_adapted_arc_refinement_th0.4_controlled_s002_b80,B3_ARC_adapted,arc_refinement_th0.4_controlled,2,80,controlled_track_B3_ARC_adapted_arc_refinement_th0.4_controlled_s002_b80_event_0002,2960.0,2960.0,2980.0,2980.0,296|297,296|297,2,0,oracle_confirmed,1.0,20.0,k3_bridge_safe,dbdfb47e221ddd8c9f45f0ad268d380bd3f8c6fb2155bd8469807d85132a631c,70
cbbv1_c2e246d1504d9d8a80b2,controlled_track_B3_ARC_adapted_arc_refinement_th0.4_controlled_s002_b80,B3_ARC_adapted,arc_refinement_th0.4_controlled,2,80,controlled_track_B3_ARC_adapted_arc_refinement_th0.4_controlled_s002_b80_event_0003,3170.0,3170.0,3180.0,3180.0,317,317,1,0,oracle_confirmed,1.0,10.0,k3_bridge_safe,dbdfb47e221ddd8c9f45f0ad268d380bd3f8c6fb2155bd8469807d85132a631c,70
cbbv1_c2e246d1504d9d8a80b2,controlled_track_B3_ARC_adapted_arc_refinement_th0.4_controlled_s002_b80,B3_ARC_adapted,arc_refinement_th0.4_controlled,2,80,controlled_track_B3_ARC_adapted_arc_refinement_th0.4_controlled_s002_b80_event_0004,3220.0,3220.0,3230.0,3230.0,322,322,1,0,oracle_confirmed,1.0,10.0,k3_bridge_safe,dbdfb47e221ddd8c9f45f0ad268d380bd3f8c6fb2155bd8469807d85132a631c,70
cbbv1_c2e246d1504d9d8a80b2,controlled_track_B3_ARC_adapted_arc_refinement_th0.4_controlled_s002_b80,B3_ARC_adapted,arc_refinement_th0.4_controlled,2,80,controlled_track_B3_ARC_adapted_arc_refinement_th0.4_controlled_s002_b80_event_0005,3310.0,3310.0,3320.0,3320.0,331,331,1,0,oracle_confirmed,1.0,10.0,k3_bridge_safe,dbdfb47e221ddd8c9f45f0ad268d380bd3f8c6fb2155bd8469807d85132a631c,70
cbbv1_c2e246d1504d9d8a80b2,controlled_track_B3_ARC_adapted_arc_refinement_th0.4_controlled_s002_b80,B3_ARC_adapted,arc_refinement_th0.4_controlled,2,80,controlled_track_B3_ARC_adapted_arc_refinement_th0.4_controlled_s002_b80_event_0000,1850.0,1850.0,1860.0,1860.0,185,185,1,0,oracle_confirmed,1.0,10.0,k3_bridge_safe,dbdfb47e221ddd8c9f45f0ad268d380bd3f8c6fb2155bd8469807d85132a631c,71
cbbv1_c2e246d1504d9d8a80b2,controlled_track_B3_ARC_adapted_arc_refinement_th0.4_controlled_s002_b80,B3_ARC_adapted,arc_refinement_th0.4_controlled,2,80,controlled_track_B3_ARC_adapted_arc_refinement_th0.4_controlled_s002_b80_event_0001,2830.0,2830.0,2840.0,2840.0,283,283,1,0,oracle_confirmed,1.0,10.0,k3_bridge_safe,dbdfb47e221ddd8c9f45f0ad268d380bd3f8c6fb2155bd8469807d85132a631c,71
cbbv1_c2e246d1504d9d8a80b2,controlled_track_B3_ARC_adapted_arc_refinement_th0.4_controlled_s002_b80,B3_ARC_adapted,arc_refinement_th0.4_controlled,2,80,controlled_track_B3_ARC_adapted_arc_refinement_th0.4_controlled_s002_b80_event_0002,2960.0,2960.0,2980.0,2980.0,296|297,296|297,2,0,oracle_confirmed,1.0,20.0,k3_bridge_safe,dbdfb47e221ddd8c9f45f0ad268d380bd3f8c6fb2155bd8469807d85132a631c,71
cbbv1_c2e246d1504d9d8a80b2,controlled_track_B3_ARC_adapted_arc_refinement_th0.4_controlled_s002_b80,B3_ARC_adapted,arc_refinement_th0.4_controlled,2,80,controlled_track_B3_ARC_adapted_arc_refinement_th0.4_controlled_s002_b80_event_0003,3170.0,3170.0,3180.0,3180.0,317,317,1,0,oracle_confirmed,1.0,10.0,k3_bridge_safe,dbdfb47e221ddd8c9f45f0ad268d380bd3f8c6fb2155bd8469807d85132a631c,71
cbbv1_c2e246d1504d9d8a80b2,controlled_track_B3_ARC_adapted_arc_refinement_th0.4_controlled_s002_b80,B3_ARC_adapted,arc_refinement_th0.4_controlled,2,80,controlled_track_B3_ARC_adapted_arc_refinement_th0.4_controlled_s002_b80_event_0004,3220.0,3220.0,3230.0,3230.0,322,322,1,0,oracle_confirmed,1.0,10.0,k3_bridge_safe,dbdfb47e221ddd8c9f45f0ad268d380bd3f8c6fb2155bd8469807d85132a631c,71
cbbv1_c2e246d1504d9d8a80b2,controlled_track_B3_ARC_adapted_arc_refinement_th0.4_controlled_s002_b80,B3_ARC_adapted,arc_refinement_th0.4_controlled,2,80,controlled_track_B3_ARC_adapted_arc_refinement_th0.4_controlled_s002_b80_event_0005,3310.0,3310.0,3320.0,3320.0,331,331,1,0,oracle_confirmed,1.0,10.0,k3_bridge_safe,dbdfb47e221ddd8c9f45f0ad268d380bd3f8c6fb2155bd8469807d85132a631c,71
cbbv1_c2e246d1504d9d8a80b2,controlled_track_B3_ARC_adapted_arc_refinement_th0.4_controlled_s002_b80,B3_ARC_adapted,arc_refinement_th0.4_controlled,2,80,controlled_track_B3_ARC_adapted_arc_refinement_th0.4_controlled_s002_b80_event_0000,1850.0,1850.0,1860.0,1860.0,185,185,1,0,oracle_confirmed,1.0,10.0,k3_bridge_safe,dbdfb47e221ddd8c9f45f0ad268d380bd3f8c6fb2155bd8469807d85132a631c,72
cbbv1_c2e246d1504d9d8a80b2,controlled_track_B3_ARC_adapted_arc_refinement_th0.4_controlled_s002_b80,B3_ARC_adapted,arc_refinement_th0.4_controlled,2,80,controlled_track_B3_ARC_adapted_arc_refinement_th0.4_controlled_s002_b80_event_0001,2830.0,2830.0,2840.0,2840.0,283,283,1,0,oracle_confirmed,1.0,10.0,k3_bridge_safe,dbdfb47e221ddd8c9f45f0ad268d380bd3f8c6fb2155bd8469807d85132a631c,72
cbbv1_c2e246d1504d9d8a80b2,controlled_track_B3_ARC_adapted_arc_refinement_th0.4_controlled_s002_b80,B3_ARC_adapted,arc_refinement_th0.4_controlled,2,80,controlled_track_B3_ARC_adapted_arc_refinement_th0.4_controlled_s002_b80_event_0002,2960.0,2960.0,2980.0,2980.0,296|297,296|297,2,0,oracle_confirmed,1.0,20.0,k3_bridge_safe,dbdfb47e221ddd8c9f45f0ad268d380bd3f8c6fb2155bd8469807d85132a631c,72
cbbv1_c2e246d1504d9d8a80b2,controlled_track_B3_ARC_adapted_arc_refinement_th0.4_controlled_s002_b80,B3_ARC_adapted,arc_refinement_th0.4_controlled,2,80,controlled_track_B3_ARC_adapted_arc_refinement_th0.4_controlled_s002_b80_event_0003,3170.0,3170.0,3180.0,3180.0,317,317,1,0,oracle_confirmed,1.0,10.0,k3_bridge_safe,dbdfb47e221ddd8c9f45f0ad268d380bd3f8c6fb2155bd8469807d85132a631c,72
cbbv1_c2e246d1504d9d8a80b2,controlled_track_B3_ARC_adapted_arc_refinement_th0.4_controlled_s002_b80,B3_ARC_adapted,arc_refinement_th0.4_controlled,2,80,controlled_track_B3_ARC_adapted_arc_refinement_th0.4_controlled_s002_b80_event_0004,3220.0,3220.0,3230.0,3230.0,322,322,1,0,oracle_confirmed,1.0,10.0,k3_bridge_safe,dbdfb47e221ddd8c9f45f0ad268d380bd3f8c6fb2155bd8469807d85132a631c,72
cbbv1_c2e246d1504d9d8a80b2,controlled_track_B3_ARC_adapted_arc_refinement_th0.4_controlled_s002_b80,B3_ARC_adapted,arc_refinement_th0.4_controlled,2,80,controlled_track_B3_ARC_adapted_arc_refinement_th0.4_controlled_s002_b80_event_0005,3310.0,3310.0,3320.0,3320.0,331,331,1,0,oracle_confirmed,1.0,10.0,k3_bridge_safe,dbdfb47e221ddd8c9f45f0ad268d380bd3f8c6fb2155bd8469807d85132a631c,72
cbbv1_c2e246d1504d9d8a80b2,controlled_track_B3_ARC_adapted_arc_refinement_th0.4_controlled_s002_b80,B3_ARC_adapted,arc_refinement_th0.4_controlled,2,80,controlled_track_B3_ARC_adapted_arc_refinement_th0.4_controlled_s002_b80_event_0000,1850.0,1850.0,1860.0,1860.0,185,185,1,0,oracle_confirmed,1.0,10.0,k3_bridge_safe,dbdfb47e221ddd8c9f45f0ad268d380bd3f8c6fb2155bd8469807d85132a631c,73
cbbv1_c2e246d1504d9d8a80b2,controlled_track_B3_ARC_adapted_arc_refinement_th0.4_controlled_s002_b80,B3_ARC_adapted,arc_refinement_th0.4_controlled,2,80,controlled_track_B3_ARC_adapted_arc_refinement_th0.4_controlled_s002_b80_event_0001,2830.0,2830.0,2840.0,2840.0,283,283,1,0,oracle_confirmed,1.0,10.0,k3_bridge_safe,dbdfb47e221ddd8c9f45f0ad268d380bd3f8c6fb2155bd8469807d85132a631c,73
cbbv1_c2e246d1504d9d8a80b2,controlled_track_B3_ARC_adapted_arc_refinement_th0.4_controlled_s002_b80,B3_ARC_adapted,arc_refinement_th0.4_controlled,2,80,controlled_track_B3_ARC_adapted_arc_refinement_th0.4_controlled_s002_b80_event_0002,2960.0,2960.0,2980.0,2980.0,296|297,296|297,2,0,oracle_confirmed,1.0,20.0,k3_bridge_safe,dbdfb47e221ddd8c9f45f0ad268d380bd3f8c6fb2155bd8469807d85132a631c,73
cbbv1_c2e246d1504d9d8a80b2,controlled_track_B3_ARC_adapted_arc_refinement_th0.4_controlled_s002_b80,B3_ARC_adapted,arc_refinement_th0.4_controlled,2,80,controlled_track_B3_ARC_adapted_arc_refinement_th0.4_controlled_s002_b80_event_0003,3170.0,3170.0,3180.0,3180.0,317,317,1,0,oracle_confirmed,1.0,10.0,k3_bridge_safe,dbdfb47e221ddd8c9f45f0ad268d380bd3f8c6fb2155bd8469807d85132a631c,73
cbbv1_c2e246d1504d9d8a80b2,controlled_track_B3_ARC_adapted_arc_refinement_th0.4_controlled_s002_b80,B3_ARC_adapted,arc_refinement_th0.4_controlled,2,80,controlled_track_B3_ARC_adapted_arc_refinement_th0.4_controlled_s002_b80_event_0004,3220.0,3220.0,3230.0,3230.0,322,322,1,0,oracle_confirmed,1.0,10.0,k3_bridge_safe,dbdfb47e221ddd8c9f45f0ad268d380bd3f8c6fb2155bd8469807d85132a631c,73
cbbv1_c2e246d1504d9d8a80b2,controlled_track_B3_ARC_adapted_arc_refinement_th0.4_controlled_s002_b80,B3_ARC_adapted,arc_refinement_th0.4_controlled,2,80,controlled_track_B3_ARC_adapted_arc_refinement_th0.4_controlled_s002_b80_event_0005,3310.0,3310.0,3320.0,3320.0,331,331,1,0,oracle_confirmed,1.0,10.0,k3_bridge_safe,dbdfb47e221ddd8c9f45f0ad268d380bd3f8c6fb2155bd8469807d85132a631c,73
cbbv1_c2e246d1504d9d8a80b2,controlled_track_B3_ARC_adapted_arc_refinement_th0.4_controlled_s002_b80,B3_ARC_adapted,arc_refinement_th0.4_controlled,2,80,controlled_track_B3_ARC_adapted_arc_refinement_th0.4_controlled_s002_b80_event_0000,1850.0,1850.0,1860.0,1860.0,185,185,1,0,oracle_confirmed,1.0,10.0,k3_bridge_safe,dbdfb47e221ddd8c9f45f0ad268d380bd3f8c6fb2155bd8469807d85132a631c,74
cbbv1_c2e246d1504d9d8a80b2,controlled_track_B3_ARC_adapted_arc_refinement_th0.4_controlled_s002_b80,B3_ARC_adapted,arc_refinement_th0.4_controlled,2,80,controlled_track_B3_ARC_adapted_arc_refinement_th0.4_controlled_s002_b80_event_0001,2830.0,2830.0,2840.0,2840.0,283,283,1,0,oracle_confirmed,1.0,10.0,k3_bridge_safe,dbdfb47e221ddd8c9f45f0ad268d380bd3f8c6fb2155bd8469807d85132a631c,74
cbbv1_c2e246d1504d9d8a80b2,controlled_track_B3_ARC_adapted_arc_refinement_th0.4_controlled_s002_b80,B3_ARC_adapted,arc_refinement_th0.4_controlled,2,80,controlled_track_B3_ARC_adapted_arc_refinement_th0.4_controlled_s002_b80_event_0002,2960.0,2960.0,2980.0,2980.0,296|297,296|297,2,0,oracle_confirmed,1.0,20.0,k3_bridge_safe,dbdfb47e221ddd8c9f45f0ad268d380bd3f8c6fb2155bd8469807d85132a631c,74
cbbv1_c2e246d1504d9d8a80b2,controlled_track_B3_ARC_adapted_arc_refinement_th0.4_controlled_s002_b80,B3_ARC_adapted,arc_refinement_th0.4_controlled,2,80,controlled_track_B3_ARC_adapted_arc_refinement_th0.4_controlled_s002_b80_event_0003,3170.0,3170.0,3180.0,3180.0,317,317,1,0,oracle_confirmed,1.0,10.0,k3_bridge_safe,dbdfb47e221ddd8c9f45f0ad268d380bd3f8c6fb2155bd8469807d85132a631c,74
cbbv1_c2e246d1504d9d8a80b2,controlled_track_B3_ARC_adapted_arc_refinement_th0.4_controlled_s002_b80,B3_ARC_adapted,arc_refinement_th0.4_controlled,2,80,controlled_track_B3_ARC_adapted_arc_refinement_th0.4_controlled_s002_b80_event_0004,3220.0,3220.0,3230.0,3230.0,322,322,1,0,oracle_confirmed,1.0,10.0,k3_bridge_safe,dbdfb47e221ddd8c9f45f0ad268d380bd3f8c6fb2155bd8469807d85132a631c,74
cbbv1_c2e246d1504d9d8a80b2,controlled_track_B3_ARC_adapted_arc_refinement_th0.4_controlled_s002_b80,B3_ARC_adapted,arc_refinement_th0.4_controlled,2,80,controlled_track_B3_ARC_adapted_arc_refinement_th0.4_controlled_s002_b80_event_0005,3310.0,3310.0,3320.0,3320.0,331,331,1,0,oracle_confirmed,1.0,10.0,k3_bridge_safe,dbdfb47e221ddd8c9f45f0ad268d380bd3f8c6fb2155bd8469807d85132a631c,74
cbbv1_c2e246d1504d9d8a80b2,controlled_track_B3_ARC_adapted_arc_refinement_th0.4_controlled_s002_b80,B3_ARC_adapted,arc_refinement_th0.4_controlled,2,80,controlled_track_B3_ARC_adapted_arc_refinement_th0.4_controlled_s002_b80_event_0000,1850.0,1850.0,1860.0,1860.0,185,185,1,0,oracle_confirmed,1.0,10.0,k3_bridge_safe,dbdfb47e221ddd8c9f45f0ad268d380bd3f8c6fb2155bd8469807d85132a631c,75
cbbv1_c2e246d1504d9d8a80b2,controlled_track_B3_ARC_adapted_arc_refinement_th0.4_controlled_s002_b80,B3_ARC_adapted,arc_refinement_th0.4_controlled,2,80,controlled_track_B3_ARC_adapted_arc_refinement_th0.4_controlled_s002_b80_event_0001,2830.0,2830.0,2840.0,2840.0,283,283,1,0,oracle_confirmed,1.0,10.0,k3_bridge_safe,dbdfb47e221ddd8c9f45f0ad268d380bd3f8c6fb2155bd8469807d85132a631c,75
cbbv1_c2e246d1504d9d8a80b2,controlled_track_B3_ARC_adapted_arc_refinement_th0.4_controlled_s002_b80,B3_ARC_adapted,arc_refinement_th0.4_controlled,2,80,controlled_track_B3_ARC_adapted_arc_refinement_th0.4_controlled_s002_b80_event_0002,2960.0,2960.0,2980.0,2980.0,296|297,296|297,2,0,oracle_confirmed,1.0,20.0,k3_bridge_safe,dbdfb47e221ddd8c9f45f0ad268d380bd3f8c6fb2155bd8469807d85132a631c,75
cbbv1_c2e246d1504d9d8a80b2,controlled_track_B3_ARC_adapted_arc_refinement_th0.4_controlled_s002_b80,B3_ARC_adapted,arc_refinement_th0.4_controlled,2,80,controlled_track_B3_ARC_adapted_arc_refinement_th0.4_controlled_s002_b80_event_0003,3170.0,3170.0,3180.0,3180.0,317,317,1,0,oracle_confirmed,1.0,10.0,k3_bridge_safe,dbdfb47e221ddd8c9f45f0ad268d380bd3f8c6fb2155bd8469807d85132a631c,75
cbbv1_c2e246d1504d9d8a80b2,controlled_track_B3_ARC_adapted_arc_refinement_th0.4_controlled_s002_b80,B3_ARC_adapted,arc_refinement_th0.4_controlled,2,80,controlled_track_B3_ARC_adapted_arc_refinement_th0.4_controlled_s002_b80_event_0004,3220.0,3220.0,3230.0,3230.0,322,322,1,0,oracle_confirmed,1.0,10.0,k3_bridge_safe,dbdfb47e221ddd8c9f45f0ad268d380bd3f8c6fb2155bd8469807d85132a631c,75
cbbv1_c2e246d1504d9d8a80b2,controlled_track_B3_ARC_adapted_arc_refinement_th0.4_controlled_s002_b80,B3_ARC_adapted,arc_refinement_th0.4_controlled,2,80,controlled_track_B3_ARC_adapted_arc_refinement_th0.4_controlled_s002_b80_event_0005,3310.0,3310.0,3320.0,3320.0,331,331,1,0,oracle_confirmed,1.0,10.0,k3_bridge_safe,dbdfb47e221ddd8c9f45f0ad268d380bd3f8c6fb2155bd8469807d85132a631c,75
cbbv1_c2e246d1504d9d8a80b2,controlled_track_B3_ARC_adapted_arc_refinement_th0.4_controlled_s002_b80,B3_ARC_adapted,arc_refinement_th0.4_controlled,2,80,controlled_track_B3_ARC_adapted_arc_refinement_th0.4_controlled_s002_b80_event_0000,1850.0,1850.0,1860.0,1860.0,185,185,1,0,oracle_confirmed,1.0,10.0,k3_bridge_safe,dbdfb47e221ddd8c9f45f0ad268d380bd3f8c6fb2155bd8469807d85132a631c,76
cbbv1_c2e246d1504d9d8a80b2,controlled_track_B3_ARC_adapted_arc_refinement_th0.4_controlled_s002_b80,B3_ARC_adapted,arc_refinement_th0.4_controlled,2,80,controlled_track_B3_ARC_adapted_arc_refinement_th0.4_controlled_s002_b80_event_0001,2830.0,2830.0,2840.0,2840.0,283,283,1,0,oracle_confirmed,1.0,10.0,k3_bridge_safe,dbdfb47e221ddd8c9f45f0ad268d380bd3f8c6fb2155bd8469807d85132a631c,76
cbbv1_c2e246d1504d9d8a80b2,controlled_track_B3_ARC_adapted_arc_refinement_th0.4_controlled_s002_b80,B3_ARC_adapted,arc_refinement_th0.4_controlled,2,80,controlled_track_B3_ARC_adapted_arc_refinement_th0.4_controlled_s002_b80_event_0002,2960.0,2960.0,2980.0,2980.0,296|297,296|297,2,0,oracle_confirmed,1.0,20.0,k3_bridge_safe,dbdfb47e221ddd8c9f45f0ad268d380bd3f8c6fb2155bd8469807d85132a631c,76
cbbv1_c2e246d1504d9d8a80b2,controlled_track_B3_ARC_adapted_arc_refinement_th0.4_controlled_s002_b80,B3_ARC_adapted,arc_refinement_th0.4_controlled,2,80,controlled_track_B3_ARC_adapted_arc_refinement_th0.4_controlled_s002_b80_event_0003,3170.0,3170.0,3180.0,3180.0,317,317,1,0,oracle_confirmed,1.0,10.0,k3_bridge_safe,dbdfb47e221ddd8c9f45f0ad268d380bd3f8c6fb2155bd8469807d85132a631c,76
cbbv1_c2e246d1504d9d8a80b2,controlled_track_B3_ARC_adapted_arc_refinement_th0.4_controlled_s002_b80,B3_ARC_adapted,arc_refinement_th0.4_controlled,2,80,controlled_track_B3_ARC_adapted_arc_refinement_th0.4_controlled_s002_b80_event_0004,3220.0,3220.0,3230.0,3230.0,322,322,1,0,oracle_confirmed,1.0,10.0,k3_bridge_safe,dbdfb47e221ddd8c9f45f0ad268d380bd3f8c6fb2155bd8469807d85132a631c,76
cbbv1_c2e246d1504d9d8a80b2,controlled_track_B3_ARC_adapted_arc_refinement_th0.4_controlled_s002_b80,B3_ARC_adapted,arc_refinement_th0.4_controlled,2,80,controlled_track_B3_ARC_adapted_arc_refinement_th0.4_controlled_s002_b80_event_0005,3310.0,3310.0,3320.0,3320.0,331,331,1,0,oracle_confirmed,1.0,10.0,k3_bridge_safe,dbdfb47e221ddd8c9f45f0ad268d380bd3f8c6fb2155bd8469807d85132a631c,76
cbbv1_c2e246d1504d9d8a80b2,controlled_track_B3_ARC_adapted_arc_refinement_th0.4_controlled_s002_b80,B3_ARC_adapted,arc_refinement_th0.4_controlled,2,80,controlled_track_B3_ARC_adapted_arc_refinement_th0.4_controlled_s002_b80_event_0000,1850.0,1850.0,1860.0,1860.0,185,185,1,0,oracle_confirmed,1.0,10.0,k3_bridge_safe,dbdfb47e221ddd8c9f45f0ad268d380bd3f8c6fb2155bd8469807d85132a631c,77
cbbv1_c2e246d1504d9d8a80b2,controlled_track_B3_ARC_adapted_arc_refinement_th0.4_controlled_s002_b80,B3_ARC_adapted,arc_refinement_th0.4_controlled,2,80,controlled_track_B3_ARC_adapted_arc_refinement_th0.4_controlled_s002_b80_event_0001,2830.0,2830.0,2840.0,2840.0,283,283,1,0,oracle_confirmed,1.0,10.0,k3_bridge_safe,dbdfb47e221ddd8c9f45f0ad268d380bd3f8c6fb2155bd8469807d85132a631c,77
cbbv1_c2e246d1504d9d8a80b2,controlled_track_B3_ARC_adapted_arc_refinement_th0.4_controlled_s002_b80,B3_ARC_adapted,arc_refinement_th0.4_controlled,2,80,controlled_track_B3_ARC_adapted_arc_refinement_th0.4_controlled_s002_b80_event_0002,2960.0,2960.0,2980.0,2980.0,296|297,296|297,2,0,oracle_confirmed,1.0,20.0,k3_bridge_safe,dbdfb47e221ddd8c9f45f0ad268d380bd3f8c6fb2155bd8469807d85132a631c,77
cbbv1_c2e246d1504d9d8a80b2,controlled_track_B3_ARC_adapted_arc_refinement_th0.4_controlled_s002_b80,B3_ARC_adapted,arc_refinement_th0.4_controlled,2,80,controlled_track_B3_ARC_adapted_arc_refinement_th0.4_controlled_s002_b80_event_0003,3170.0,3170.0,3180.0,3180.0,317,317,1,0,oracle_confirmed,1.0,10.0,k3_bridge_safe,dbdfb47e221ddd8c9f45f0ad268d380bd3f8c6fb2155bd8469807d85132a631c,77
cbbv1_c2e246d1504d9d8a80b2,controlled_track_B3_ARC_adapted_arc_refinement_th0.4_controlled_s002_b80,B3_ARC_adapted,arc_refinement_th0.4_controlled,2,80,controlled_track_B3_ARC_adapted_arc_refinement_th0.4_controlled_s002_b80_event_0004,3220.0,3220.0,3230.0,3230.0,322,322,1,0,oracle_confirmed,1.0,10.0,k3_bridge_safe,dbdfb47e221ddd8c9f45f0ad268d380bd3f8c6fb2155bd8469807d85132a631c,77
cbbv1_c2e246d1504d9d8a80b2,controlled_track_B3_ARC_adapted_arc_refinement_th0.4_controlled_s002_b80,B3_ARC_adapted,arc_refinement_th0.4_controlled,2,80,controlled_track_B3_ARC_adapted_arc_refinement_th0.4_controlled_s002_b80_event_0005,3310.0,3310.0,3320.0,3320.0,331,331,1,0,oracle_confirmed,1.0,10.0,k3_bridge_safe,dbdfb47e221ddd8c9f45f0ad268d380bd3f8c6fb2155bd8469807d85132a631c,77
cbbv1_c2e246d1504d9d8a80b2,controlled_track_B3_ARC_adapted_arc_refinement_th0.4_controlled_s002_b80,B3_ARC_adapted,arc_refinement_th0.4_controlled,2,80,controlled_track_B3_ARC_adapted_arc_refinement_th0.4_controlled_s002_b80_event_0000,1850.0,1850.0,1860.0,1860.0,185,185,1,0,oracle_confirmed,1.0,10.0,k3_bridge_safe,dbdfb47e221ddd8c9f45f0ad268d380bd3f8c6fb2155bd8469807d85132a631c,78
cbbv1_c2e246d1504d9d8a80b2,controlled_track_B3_ARC_adapted_arc_refinement_th0.4_controlled_s002_b80,B3_ARC_adapted,arc_refinement_th0.4_controlled,2,80,controlled_track_B3_ARC_adapted_arc_refinement_th0.4_controlled_s002_b80_event_0001,2830.0,2830.0,2840.0,2840.0,283,283,1,0,oracle_confirmed,1.0,10.0,k3_bridge_safe,dbdfb47e221ddd8c9f45f0ad268d380bd3f8c6fb2155bd8469807d85132a631c,78
cbbv1_c2e246d1504d9d8a80b2,controlled_track_B3_ARC_adapted_arc_refinement_th0.4_controlled_s002_b80,B3_ARC_adapted,arc_refinement_th0.4_controlled,2,80,controlled_track_B3_ARC_adapted_arc_refinement_th0.4_controlled_s002_b80_event_0002,2960.0,2960.0,2980.0,2980.0,296|297,296|297,2,0,oracle_confirmed,1.0,20.0,k3_bridge_safe,dbdfb47e221ddd8c9f45f0ad268d380bd3f8c6fb2155bd8469807d85132a631c,78
cbbv1_c2e246d1504d9d8a80b2,controlled_track_B3_ARC_adapted_arc_refinement_th0.4_controlled_s002_b80,B3_ARC_adapted,arc_refinement_th0.4_controlled,2,80,controlled_track_B3_ARC_adapted_arc_refinement_th0.4_controlled_s002_b80_event_0003,3170.0,3170.0,3180.0,3180.0,317,317,1,0,oracle_confirmed,1.0,10.0,k3_bridge_safe,dbdfb47e221ddd8c9f45f0ad268d380bd3f8c6fb2155bd8469807d85132a631c,78
cbbv1_c2e246d1504d9d8a80b2,controlled_track_B3_ARC_adapted_arc_refinement_th0.4_controlled_s002_b80,B3_ARC_adapted,arc_refinement_th0.4_controlled,2,80,controlled_track_B3_ARC_adapted_arc_refinement_th0.4_controlled_s002_b80_event_0004,3220.0,3220.0,3230.0,3230.0,322,322,1,0,oracle_confirmed,1.0,10.0,k3_bridge_safe,dbdfb47e221ddd8c9f45f0ad268d380bd3f8c6fb2155bd8469807d85132a631c,78
cbbv1_c2e246d1504d9d8a80b2,controlled_track_B3_ARC_adapted_arc_refinement_th0.4_controlled_s002_b80,B3_ARC_adapted,arc_refinement_th0.4_controlled,2,80,controlled_track_B3_ARC_adapted_arc_refinement_th0.4_controlled_s002_b80_event_0005,3310.0,3310.0,3320.0,3320.0,331,331,1,0,oracle_confirmed,1.0,10.0,k3_bridge_safe,dbdfb47e221ddd8c9f45f0ad268d380bd3f8c6fb2155bd8469807d85132a631c,78
cbbv1_c2e246d1504d9d8a80b2,controlled_track_B3_ARC_adapted_arc_refinement_th0.4_controlled_s002_b80,B3_ARC_adapted,arc_refinement_th0.4_controlled,2,80,controlled_track_B3_ARC_adapted_arc_refinement_th0.4_controlled_s002_b80_event_0000,1850.0,1850.0,1860.0,1860.0,185,185,1,0,oracle_confirmed,1.0,10.0,k3_bridge_safe,dbdfb47e221ddd8c9f45f0ad268d380bd3f8c6fb2155bd8469807d85132a631c,79
cbbv1_c2e246d1504d9d8a80b2,controlled_track_B3_ARC_adapted_arc_refinement_th0.4_controlled_s002_b80,B3_ARC_adapted,arc_refinement_th0.4_controlled,2,80,controlled_track_B3_ARC_adapted_arc_refinement_th0.4_controlled_s002_b80_event_0001,2830.0,2830.0,2840.0,2840.0,283,283,1,0,oracle_confirmed,1.0,10.0,k3_bridge_safe,dbdfb47e221ddd8c9f45f0ad268d380bd3f8c6fb2155bd8469807d85132a631c,79
cbbv1_c2e246d1504d9d8a80b2,controlled_track_B3_ARC_adapted_arc_refinement_th0.4_controlled_s002_b80,B3_ARC_adapted,arc_refinement_th0.4_controlled,2,80,controlled_track_B3_ARC_adapted_arc_refinement_th0.4_controlled_s002_b80_event_0002,2960.0,2960.0,2980.0,2980.0,296|297,296|297,2,0,oracle_confirmed,1.0,20.0,k3_bridge_safe,dbdfb47e221ddd8c9f45f0ad268d380bd3f8c6fb2155bd8469807d85132a631c,79
cbbv1_c2e246d1504d9d8a80b2,controlled_track_B3_ARC_adapted_arc_refinement_th0.4_controlled_s002_b80,B3_ARC_adapted,arc_refinement_th0.4_controlled,2,80,controlled_track_B3_ARC_adapted_arc_refinement_th0.4_controlled_s002_b80_event_0003,3170.0,3170.0,3180.0,3180.0,317,317,1,0,oracle_confirmed,1.0,10.0,k3_bridge_safe,dbdfb47e221ddd8c9f45f0ad268d380bd3f8c6fb2155bd8469807d85132a631c,79
cbbv1_c2e246d1504d9d8a80b2,controlled_track_B3_ARC_adapted_arc_refinement_th0.4_controlled_s002_b80,B3_ARC_adapted,arc_refinement_th0.4_controlled,2,80,controlled_track_B3_ARC_adapted_arc_refinement_th0.4_controlled_s002_b80_event_0004,3220.0,3220.0,3230.0,3230.0,322,322,1,0,oracle_confirmed,1.0,10.0,k3_bridge_safe,dbdfb47e221ddd8c9f45f0ad268d380bd3f8c6fb2155bd8469807d85132a631c,79
cbbv1_c2e246d1504d9d8a80b2,controlled_track_B3_ARC_adapted_arc_refinement_th0.4_controlled_s002_b80,B3_ARC_adapted,arc_refinement_th0.4_controlled,2,80,controlled_track_B3_ARC_adapted_arc_refinement_th0.4_controlled_s002_b80_event_0005,3310.0,3310.0,3320.0,3320.0,331,331,1,0,oracle_confirmed,1.0,10.0,k3_bridge_safe,dbdfb47e221ddd8c9f45f0ad268d380bd3f8c6fb2155bd8469807d85132a631c,79
